1,6
2,3
3,11
4,4
5,6
6,4
7,7
8,4
9,10
10,4
11,5
12,5
13,7
14,4
15,6
16,4
17,13
18,5
19,6
20,4
21,7
22,4
23,8
24,4
25,5
26,6
27,10
28,4
29,5
30,6
31,4
32,7
33,5
34,4
35,10
36,4
37,5
38,5
39,17
40,4
41,6
42,4
43,7
44,4
45,6
46,7
47,4
48,5
49,8
50,4
51,5
52,8
53,5
54,4
55,9
56,4
57,5
58,6
59,4
60,9
61,6
62,5
63,4
64,8
65,4
66,6
67,4
68,11
69,5
70,4
71,7
72,7
73,5
74,4
75,7
76,4
77,7
78,4
79,10
80,4
81,7
82,6
83,6
84,6
85,6
86,6
87,6
88,6
89,6
90,6
91,6
92,7
93,5
94,7
95,6
96,6
97,6
98,5
99,7
100,6
101,6
102,6
103,6
104,6
105,6
106,6
107,6
108,6
109,6
110,6
111,6
112,6
113,6
114,7
115,6
116,6
117,7
118,6
119,6
120,6
121,6
122,6
123,6
124,6
125,5
126,6
127,6
128,6
129,6
130,6
131,6
132,6
133,6
134,6
135,6
136,6
137,6
138,6
139,6
140,6
141,6
142,6
143,6
144,6
145,6
146,6
147,6
148,6
149,6
150,6
151,6
152,6
153,6
154,6
155,6
156,5
157,9
158,5
159,6
160,6
161,6
162,6
163,6
164,6
165,6
166,6
167,6
168,6
169,5
170,6
171,6
172,6
173,6
174,6
175,6
176,6
177,6
178,6
179,6
180,6
181,6
182,6
183,6
184,6
185,6
186,6
187,6
188,7
189,5
190,6
191,6
192,5
193,6
194,6
195,6
196,6
197,6
198,6
199,6
200,7
201,5
202,6
203,7
204,7
205,6
206,6
207,6
208,6
209,6
210,6
211,6
212,6
213,6
214,6
215,6
216,6
217,6
218,6
219,6
220,6
221,6
222,6
223,6
224,6
225,6
226,6
227,6
228,5
229,7
230,6
231,6
232,6
233,6
234,6
235,7
236,4
237,8
238,6
239,6
240,5
241,7
242,6
243,6
244,6
245,7
246,5
247,7
248,5
249,6
250,6
251,6
252,6
253,6
254,7
255,6
256,6
257,5
258,6
259,6
260,6
261,6
262,6
263,6
264,6
265,6
266,6
267,6
268,7
269,6
270,6
271,5
272,7
273,5
274,6
275,7
276,6
277,6
278,5
279,7
280,6
281,5
282,6
283,6
284,6
285,6
286,6
287,6
288,6
289,6
290,6
291,6
292,6
293,6
294,7
295,5
296,7
297,6
298,6
299,6
300,6
301,6
302,6
303,6
304,6
305,6
306,7
307,6
308,5
309,6
310,6
311,6
312,6
313,5
314,6
315,5
316,5
317,6
318,7
319,6
320,5
321,6
322,6
323,6
324,5
325,7
326,6
327,7
328,6
329,6
330,6
331,6
332,5
333,6
334,6
335,6
336,6
337,7
338,6
339,6
340,6
341,6
342,5
343,5
344,7
345,6
346,6
347,6
348,6
349,6
350,7
351,6
352,6
353,6
354,6
355,5
356,6
357,5
358,7
359,6
360,6
361,6
362,6
363,6
364,6
365,6
366,6
367,6
368,6
369,7
370,5
371,6
372,6
373,6
374,5
375,6
376,5
377,6
378,6
379,6
380,6
381,6
382,7
383,5
384,7
385,5
386,6
387,6
388,6
389,6
390,6
391,6
392,6
393,5
394,6
395,4
396,6
397,6
398,6
399,6
400,5
401,7
402,6
403,6
404,6
405,6
406,6
407,5
408,6
409,6
410,6
411,6
412,6
413,6
414,7
415,6
416,6
417,6
418,6
419,6
420,6
421,6
422,7
423,7
424,6
425,5
426,6
427,6
428,6
429,5
430,6
431,6
432,6
433,6
434,6
435,6
436,7
437,5
438,6
439,6
440,6
441,6
442,6
443,6
444,6
445,6
446,6
447,6
448,6
449,5
450,7
451,6
452,6
453,6
454,7
455,6
456,6
457,6
458,6
459,6
460,6
461,6
462,6
463,5
464,7
465,6
466,6
467,6
468,6
469,7
470,6
471,7
472,4
473,7
474,6
475,7
476,5
477,6
478,7
479,6
480,6
481,6
482,6
483,6
484,6
485,7
486,6
487,6
488,6
489,6
490,6
491,6
492,5
493,5
494,6
495,7
496,5
497,6
498,6
499,6
500,6
501,5
502,6
503,6
504,6
505,6
506,6
507,6
508,6
509,6
510,6
511,6
512,6
513,6
514,6
515,5
516,7
517,6
518,6
519,6
520,6
521,6
522,6
523,6
524,6
525,6
526,6
527,6
528,7
529,6
530,6
531,6
532,6
533,6
534,6
535,6
536,6
537,6
538,6
539,6
540,6
541,5
542,7
543,6
544,6
545,6
546,6
547,6
548,5
549,6
550,5
551,6
552,6
553,5
554,6
555,6
556,6
557,6
558,6
559,6
560,6
561,6
562,6
563,7
564,5
565,6
566,6
567,6
568,5
569,7
570,5
571,7
572,6
573,6
574,6
575,6
576,6
577,6
578,6
579,7
580,6
581,6
582,6
583,6
584,6
585,6
586,6
587,6
588,6
589,6
590,6
591,6
592,6
593,6
594,6
595,6
596,6
597,6
598,6
599,6
600,6
601,6
602,6
603,6
604,6
605,6
606,5
607,7
608,5
609,6
610,6
611,6
612,6
613,6
614,6
615,6
616,6
617,6
618,6
619,6
620,6
621,6
622,6
623,6
624,6
625,6
626,6
627,6
628,7
629,7
630,7
631,6
632,11
633,5
634,6
635,5
636,7
637,6
638,5
639,6
640,6
641,6
642,6
643,6
644,6
645,6
646,6
647,7
648,5
649,7
650,6
651,6
652,6
653,6
654,7
655,5
656,5
657,7
658,6
659,5
660,6
661,6
662,6
663,6
664,6
665,6
666,6
667,6
668,6
669,6
670,7
671,6
672,6
673,6
674,6
675,6
676,6
677,6
678,6
679,5
680,7
681,6
682,6
683,6
684,6
685,6
686,6
687,6
688,6
689,6
690,7
691,5
692,6
693,6
694,6
695,6
696,6
697,6
698,6
699,6
700,6
701,6
702,6
703,6
704,6
705,5
706,6
707,6
708,5
709,5
710,5
711,6
712,5
713,5
714,6
715,6
716,6
717,6
718,6
719,6
720,6
721,5
722,7
723,5
724,6
725,6
726,5
727,6
728,6
729,6
730,6
731,6
732,6
733,5
734,7
735,6
736,6
737,6
738,6
739,6
740,6
741,6
742,6
743,6
744,6
745,6
746,7
747,5
748,6
749,5
750,6
751,6
752,6
753,6
754,6
755,7
756,6
757,6
758,6
759,6
760,5
761,7
762,6
763,6
764,6
765,5
766,6
767,6
768,6
769,6
770,6
771,6
772,6
773,6
774,6
775,6
776,6
777,6
778,6
779,6
780,6
781,6
782,6
783,7
784,5
785,7
786,6
787,6
788,7
789,6
790,6
791,5
792,4
793,6
794,6
795,6
796,7
797,5
798,6
799,6
800,7
801,5
802,7
803,6
804,6
805,7
806,5
807,6
808,7
809,5
810,6
811,6
812,6
813,6
814,6
815,6
816,6
817,7
818,6
819,6
820,6
821,6
822,6
823,5
824,6
825,6
826,6
827,6
828,7
829,6
830,6
831,6
832,6
833,6
834,6
835,6
836,6
837,6
838,6
839,6
840,6
841,6
842,6
843,5
844,7
845,6
846,6
847,5
848,7
849,6
850,6
851,6
852,6
853,6
854,6
855,6
856,6
857,6
858,6
859,6
860,6
861,6
862,6
863,5
864,7
865,6
866,6
867,6
868,6
869,6
870,5
871,13
872,7
873,6
874,6
875,6
876,7
877,6
878,6
879,6
880,6
881,6
882,5
883,6
884,6
885,6
886,6
887,6
888,7
889,6
890,6
891,7
892,6
893,6
894,7
895,5
896,5
897,6
898,6
899,6
900,6
901,6
902,7
903,7
904,5
905,6
906,6
907,5
908,6
909,6
910,6
911,6
912,5
913,5
914,7
915,6
916,6
917,6
918,6
919,6
920,6
921,7
922,6
923,6
924,6
925,7
926,5
927,6
928,6
929,6
930,6
931,6
932,6
933,6
934,6
935,6
936,6
937,6
938,6
939,6
940,7
941,5
942,6
943,6
944,6
945,6
946,6
947,7
948,6
949,4
950,7
951,5
952,6
953,6
954,6
955,6
956,5
957,6
958,6
959,6
960,6
961,6
962,7
963,6
964,6
965,6
966,6
967,6
968,5
969,6
970,5
971,6
972,5
973,6
974,5
975,7
976,6
977,6
978,6
979,6
980,6
981,5
982,6
983,6
984,6
985,6
986,7
987,6
988,6
989,6
990,6
991,7
992,6
993,6
994,6
995,6
996,6
997,6
998,6
999,7
1000,5
1001,6
1002,7
1003,6
1004,6
1005,6
1006,7
1007,5
1008,7
1009,6
1010,6
1011,6
1012,6
1013,6
1014,6
1015,6
1016,6
1017,6
1018,6
1019,6
1020,6
1021,6
1022,6
1023,6
1024,6
1025,6
1026,5
1027,4
1028,5
1029,6
1030,6
1031,6
1032,6
1033,5
1034,7
1035,6
1036,6
1037,6
1038,6
1039,6
1040,6
1041,6
1042,6
1043,6
1044,5
1045,6
1046,6
1047,6
1048,6
1049,6
1050,7
1051,6
1052,6
1053,6
1054,6
1055,6
1056,6
1057,6
1058,7
1059,6
1060,6
1061,6
1062,6
1063,6
1064,6
1065,6
1066,6
1067,6
1068,5
1069,6
1070,6
1071,6
1072,6
1073,6
1074,6
1075,5
1076,6
1077,6
1078,6
1079,5
1080,6
1081,6
1082,6
1083,5
1084,5
1085,6
1086,6
1087,5
1088,7
1089,6
1090,6
1091,6
1092,6
1093,6
1094,7
1095,6
1096,6
1097,6
1098,6
1099,6
1100,6
1101,6
1102,6
1103,6
1104,7
1105,6
1106,8
1107,8
1108,5
1109,7
1110,5
1111,6
1112,7
1113,6
1114,6
1115,6
1116,6
1117,6
1118,6
1119,6
1120,6
1121,6
1122,6
1123,7
1124,7
1125,6
1126,7
1127,6
1128,6
1129,6
1130,6
1131,7
1132,6
1133,6
1134,6
1135,6
1136,5
1137,6
1138,6
1139,6
1140,6
1141,6
1142,6
1143,6
1144,6
1145,6
1146,7
1147,6
1148,6
1149,5
1150,6
1151,7
1152,5
1153,7
1154,6
1155,5
1156,6
1157,6
1158,6
1159,6
1160,6
1161,7
1162,7
1163,6
1164,6
1165,7
1166,5
1167,6
1168,6
1169,6
1170,6
1171,6
1172,6
1173,5
1174,6
1175,6
1176,6
1177,7
1178,5
1179,6
1180,6
1181,6
1182,6
1183,6
1184,5
1185,4
1186,7
1187,6
1188,7
1189,5
1190,6
1191,6
1192,6
1193,6
1194,6
1195,6
1196,6
1197,6
1198,6
1199,6
1200,6
1201,6
1202,5
1203,5
1204,7
1205,5
1206,6
1207,6
1208,6
1209,5
1210,6
1211,6
1212,6
1213,6
1214,7
1215,6
1216,6
1217,6
1218,6
1219,6
1220,6
1221,6
1222,6
1223,6
1224,6
1225,5
1226,7
1227,6
1228,6
1229,6
1230,6
1231,6
1232,6
1233,7
1234,6
1235,6
1236,6
1237,6
1238,5
1239,5
1240,6
1241,6
1242,6
1243,6
1244,6
1245,6
1246,5
1247,6
1248,6
1249,6
1250,6
1251,6
1252,6
1253,6
1254,5
1255,6
1256,7
1257,6
1258,6
1259,6
1260,6
1261,6
1262,5
1263,5
1264,6
1265,6
1266,5
1267,6
1268,6
1269,6
1270,6
1271,6
1272,5
1273,7
1274,6
1275,6
1276,6
1277,6
1278,6
1279,6
1280,6
1281,6
1282,6
1283,6
1284,6
1285,6
1286,6
1287,6
1288,6
1289,6
1290,6
1291,6
1292,6
1293,6
1294,5
1295,6
1296,6
1297,6
1298,6
1299,6
1300,7
1301,6
1302,6
1303,6
1304,6
1305,6
1306,6
1307,6
1308,6
1309,6
1310,6
1311,6
1312,6
1313,6
1314,6
1315,6
1316,6
1317,6
1318,7
1319,6
1320,6
1321,6
1322,6
1323,6
1324,7
1325,7
1326,6
1327,6
1328,6
1329,6
1330,6
1331,7
1332,6
1333,7
1334,6
1335,6
1336,5
1337,6
1338,6
1339,6
1340,6
1341,6
1342,5
1343,7
1344,6
1345,6
1346,7
1347,6
1348,7
1349,6
1350,6
1351,7
1352,6
1353,5
1354,6
1355,7
1356,6
1357,6
1358,6
1359,6
1360,6
1361,6
1362,6
1363,6
1364,6
1365,6
1366,6
1367,6
1368,6
1369,7
1370,5
1371,6
1372,6
1373,7
1374,6
1375,6
1376,6
1377,6
1378,6
1379,5
1380,6
1381,6
1382,6
1383,6
1384,6
1385,6
1386,6
1387,6
1388,6
1389,7
1390,5
1391,6
1392,6
1393,6
1394,6
1395,6
1396,6
1397,6
1398,6
1399,6
1400,6
1401,6
1402,5
1403,6
1404,5
1405,6
1406,6
1407,6
1408,6
1409,5
1410,6
1411,6
1412,6
1413,6
1414,6
1415,5
1416,7
1417,6
1418,6
1419,6
1420,5
1421,5
1422,10
1423,5
1424,5
1425,6
1426,6
1427,5
1428,6
1429,5
1430,6
1431,6
1432,5
1433,6
1434,6
1435,6
1436,5
1437,6
1438,6
1439,6
1440,6
1441,6
1442,6
1443,6
1444,6
1445,6
1446,6
1447,6
1448,6
1449,6
1450,6
1451,6
1452,7
1453,5
1454,6
1455,6
1456,6
1457,6
1458,6
1459,6
1460,6
1461,6
1462,6
1463,6
1464,6
1465,6
1466,6
1467,6
1468,6
1469,6
1470,6
1471,6
1472,6
1473,6
1474,6
1475,6
1476,6
1477,6
1478,6
1479,6
1480,6
1481,6
1482,6
1483,7
1484,6
1485,6
1486,6
1487,6
1488,6
1489,7
1490,6
1491,6
1492,6
1493,6
1494,5
1495,7
1496,6
1497,6
1498,6
1499,6
1500,6
1501,7
1502,6
1503,6
1504,6
1505,7
1506,6
1507,7
1508,6
1509,7
1510,6
1511,6
1512,7
1513,5
1514,6
1515,6
1516,6
1517,6
1518,6
1519,6
1520,6
1521,6
1522,6
1523,7
1524,6
1525,6
1526,6
1527,6
1528,6
1529,5
1530,7
1531,6
1532,6
1533,6
1534,6
1535,6
1536,6
1537,6
1538,5
1539,7
1540,6
1541,6
1542,6
1543,6
1544,6
1545,6
1546,6
1547,6
1548,6
1549,6
1550,7
1551,6
1552,6
1553,6
1554,6
1555,6
1556,6
1557,6
1558,6
1559,5
1560,6
1561,6
1562,6
1563,5
1564,7
1565,6
1566,5
1567,7
1568,5
1569,6
1570,6
1571,7
1572,5
1573,6
1574,5
1575,7
1576,6
1577,6
1578,5
1579,5
1580,4
1581,7
1582,6
1583,6
1584,5
1585,6
1586,5
1587,7
1588,5
1589,6
1590,5
1591,6
1592,7
1593,6
1594,6
1595,6
1596,6
1597,5
1598,7
1599,6
1600,6
1601,6
1602,5
1603,6
1604,6
1605,6
1606,6
1607,6
1608,6
1609,6
1610,5
1611,6
1612,6
1613,6
1614,6
1615,6
1616,6
1617,7
1618,5
1619,6
1620,6
1621,6
1622,6
1623,6
1624,6
1625,6
1626,6
1627,6
1628,6
1629,6
1630,5
1631,6
1632,6
1633,6
1634,6
1635,6
1636,6
1637,6
1638,6
1639,6
1640,6
1641,6
1642,7
1643,5
1644,6
1645,6
1646,6
1647,6
1648,6
1649,6
1650,6
1651,6
1652,6
1653,6
1654,6
1655,6
1656,6
1657,6
1658,6
1659,5
1660,6
1661,6
1662,6
1663,7
1664,5
1665,7
1666,5
1667,6
1668,7
1669,6
1670,6
1671,6
1672,6
1673,6
1674,6
1675,6
1676,6
1677,6
1678,6
1679,6
1680,6
1681,6
1682,5
1683,6
1684,6
1685,6
1686,6
1687,6
1688,7
1689,6
1690,6
1691,6
1692,6
1693,6
1694,6
1695,6
1696,6
1697,6
1698,6
1699,6
1700,6
1701,6
1702,6
1703,6
1704,6
1705,6
1706,6
1707,5
1708,7
1709,6
1710,6
1711,6
1712,6
1713,6
1714,6
1715,6
1716,6
1717,7
1718,6
1719,5
1720,6
1721,7
1722,6
1723,5
1724,6
1725,7
1726,6
1727,6
1728,6
1729,6
1730,6
1731,6
1732,6
1733,7
1734,6
1735,5
1736,6
1737,13
1738,6
1739,6
1740,6
1741,6
1742,7
1743,5
1744,6
1745,7
1746,6
1747,5
1748,6
1749,6
1750,6
1751,6
1752,6
1753,6
1754,6
1755,6
1756,6
1757,6
1758,6
1759,6
1760,6
1761,6
1762,7
1763,6
1764,6
1765,6
1766,6
1767,6
1768,6
1769,6
1770,6
1771,6
1772,6
1773,6
1774,6
1775,6
1776,6
1777,6
1778,6
1779,6
1780,6
1781,6
1782,6
1783,6
1784,6
1785,6
1786,6
1787,6
1788,6
1789,6
1790,6
1791,6
1792,6
1793,6
1794,6
1795,6
1796,6
1797,6
1798,7
1799,5
1800,6
1801,7
1802,6
1803,6
1804,6
1805,5
1806,6
1807,6
1808,6
1809,6
1810,6
1811,6
1812,5
1813,6
1814,6
1815,5
1816,5
1817,6
1818,6
1819,6
1820,6
1821,6
1822,6
1823,6
1824,5
1825,6
1826,7
1827,5
1828,6
1829,6
1830,6
1831,6
1832,6
1833,7
1834,6
1835,6
1836,6
1837,6
1838,6
1839,7
1840,6
1841,6
1842,5
1843,6
1844,6
1845,6
1846,6
1847,5
1848,6
1849,6
1850,6
1851,6
1852,6
1853,6
1854,6
1855,6
1856,6
1857,6
1858,6
1859,6
1860,6
1861,6
1862,6
1863,6
1864,6
1865,6
1866,6
1867,6
1868,6
1869,6
1870,6
1871,6
1872,6
1873,6
1874,6
1875,6
1876,6
1877,6
1878,6
1879,6
1880,5
1881,6
1882,6
1883,6
1884,6
1885,6
1886,7
1887,6
1888,6
1889,6
1890,6
1891,6
1892,7
1893,6
1894,5
1895,4
1896,6
1897,6
1898,6
1899,6
1900,6
1901,6
1902,6
1903,7
1904,6
1905,6
1906,6
1907,6
1908,6
1909,6
1910,6
1911,6
1912,5
1913,6
1914,6
1915,6
1916,6
1917,6
1918,6
1919,6
1920,6
1921,5
1922,6
1923,7
1924,6
1925,6
1926,7
1927,6
1928,6
1929,7
1930,6
1931,6
1932,6
1933,5
1934,7
1935,6
1936,6
1937,6
1938,6
1939,6
1940,6
1941,6
1942,6
1943,6
1944,6
1945,6
1946,6
1947,6
1948,6
1949,6
1950,6
1951,6
1952,6
1953,6
1954,6
1955,6
1956,6
1957,6
1958,7
1959,5
1960,7
1961,5
1962,6
1963,7
1964,6
1965,5
1966,6
1967,6
1968,6
1969,6
1970,6
1971,5
1972,6
1973,6
1974,9
1975,7
1976,6
1977,7
1978,6
1979,6
1980,6
1981,6
1982,6
1983,5
1984,6
1985,6
1986,6
1987,6
1988,7
1989,6
1990,6
1991,6
1992,6
1993,6
1994,6
1995,6
1996,6
1997,6
1998,5
1999,6
2000,7
2001,7
2002,5
2003,6
2004,6
2005,6
2006,5
2007,6
2008,6
2009,5
2010,6
2011,6
2012,6
2013,6
2014,6
2015,6
2016,6
2017,6
2018,6
2019,6
2020,6
2021,6
2022,7
2023,5
2024,6
2025,6
2026,6
2027,6
2028,6
2029,6
2030,6
2031,6
2032,5
2033,6
2034,6
2035,6
2036,6
2037,6
2038,6
2039,6
2040,6
2041,6
2042,6
2043,6
2044,5
2045,6
2046,7
2047,5
2048,6
2049,7
2050,5
2051,7
2052,6
2053,6
2054,5
2055,6
2056,5
2057,6
2058,5
2059,6
2060,6
2061,6
2062,6
2063,6
2064,7
2065,6
2066,6
2067,6
2068,5
2069,6
2070,6
2071,6
2072,6
2073,6
2074,6
2075,6
2076,6
2077,6
2078,7
2079,5
2080,6
2081,6
2082,6
2083,6
2084,6
2085,6
2086,7
2087,6
2088,6
2089,6
2090,6
2091,6
2092,6
2093,6
2094,6
2095,6
2096,6
2097,6
2098,6
2099,6
2100,6
2101,6
2102,5
2103,7
2104,5
2105,7
2106,6
2107,6
2108,6
2109,6
2110,6
2111,7
2112,6
2113,7
2114,6
2115,6
2116,6
2117,6
2118,6
2119,6
2120,6
2121,6
2122,7
2123,6
2124,6
2125,5
2126,7
2127,6
2128,6
2129,6
2130,6
2131,6
2132,6
2133,4
2134,4
2135,6
2136,7
2137,5
2138,6
2139,6
2140,6
2141,6
2142,6
2143,6
2144,5
2145,6
2146,7
2147,5
2148,7
2149,6
2150,6
2151,6
2152,6
2153,6
2154,6
2155,6
2156,6
2157,6
2158,6
2159,6
2160,6
2161,6
2162,6
2163,6
2164,6
2165,6
2166,6
2167,7
2168,6
2169,6
2170,7
2171,6
2172,5
2173,7
2174,6
2175,6
2176,6
2177,6
2178,6
2179,6
2180,7
2181,6
2182,6
2183,5
2184,6
2185,6
2186,6
2187,6
2188,7
2189,5
2190,6
2191,6
2192,5
2193,6
2194,6
2195,6
2196,6
2197,6
2198,6
2199,6
2200,6
2201,5
2202,6
2203,5
2204,7
2205,6
2206,5
2207,6
2208,6
2209,6
2210,6
2211,7
2212,7
2213,6
2214,6
2215,5
2216,7
2217,6
2218,6
2219,6
2220,6
2221,6
2222,7
2223,6
2224,6
2225,6
2226,6
2227,6
2228,6
2229,6
2230,6
2231,6
2232,6
2233,6
2234,6
2235,6
2236,6
2237,6
2238,6
2239,5
2240,7
2241,6
2242,6
2243,5
2244,6
2245,5
2246,7
2247,5
2248,6
2249,6
2250,6
2251,6
2252,5
2253,6
2254,6
2255,6
2256,6
2257,5
2258,7
2259,6
2260,5
2261,7
2262,6
2263,6
2264,6
2265,6
2266,6
2267,5
2268,6
2269,7
2270,6
2271,6
2272,6
2273,6
2274,7
2275,5
2276,6
2277,7
2278,6
2279,7
2280,6
2281,6
2282,6
2283,6
2284,7
2285,5
2286,6
2287,6
2288,5
2289,4
2290,6
2291,7
2292,6
2293,6
2294,6
2295,6
2296,6
2297,6
2298,6
2299,6
2300,6
2301,5
2302,6
2303,6
2304,5
2305,6
2306,6
2307,6
2308,6
2309,6
2310,6
2311,6
2312,6
2313,6
2314,6
2315,6
2316,7
2317,5
2318,7
2319,5
2320,7
2321,6
2322,6
2323,6
2324,6
2325,6
2326,6
2327,5
2328,7
2329,6
2330,6
2331,6
2332,6
2333,6
2334,7
2335,5
2336,6
2337,6
2338,6
2339,6
2340,6
2341,6
2342,6
2343,6
2344,6
2345,6
2346,6
2347,5
2348,7
2349,7
2350,6
2351,6
2352,6
2353,6
2354,6
2355,6
2356,6
2357,6
2358,6
2359,6
2360,7
2361,6
2362,6
2363,6
2364,6
2365,5
2366,5
2367,5
2368,7
2369,5
2370,6
2371,6
2372,6
2373,6
2374,6
2375,6
2376,6
2377,5
2378,7
2379,6
2380,6
2381,7
2382,5
2383,7
2384,6
2385,6
2386,7
2387,6
2388,6
2389,6
2390,6
2391,6
2392,6
2393,6
2394,7
2395,5
2396,7
2397,6
2398,5
2399,6
2400,5
2401,6
2402,7
2403,6
2404,5
2405,6
2406,7
2407,5
2408,6
2409,6
2410,6
2411,7
2412,5
2413,6
2414,6
2415,6
2416,6
2417,6
2418,7
2419,6
2420,6
2421,6
2422,6
2423,6
2424,5
2425,6
2426,7
2427,5
2428,5
2429,6
2430,6
2431,5
2432,7
2433,6
2434,5
2435,6
2436,6
2437,6
2438,5
2439,7
2440,5
2441,7
2442,6
2443,7
2444,7
2445,7
2446,12
2447,5
2448,6
2449,6
2450,6
2451,6
2452,6
2453,6
2454,7
2455,6
2456,5
2457,7
2458,6
2459,6
2460,6
2461,6
2462,6
2463,6
2464,5
2465,6
2466,6
2467,6
2468,6
2469,6
2470,6
2471,5
2472,6
2473,6
2474,6
2475,6
2476,6
2477,7
2478,6
2479,6
2480,5
2481,6
2482,5
2483,6
2484,7
2485,7
2486,6
2487,6
2488,5
2489,7
2490,6
2491,6
2492,7
2493,5
2494,6
2495,5
2496,6
2497,6
2498,6
2499,6
2500,7
2501,7
2502,6
2503,5
2504,6
2505,6
2506,6
2507,6
2508,6
2509,6
2510,6
2511,6
2512,6
2513,7
2514,7
2515,5
2516,6
2517,6
2518,6
2519,5
2520,6
2521,6
2522,5
2523,5
2524,4
2525,7
2526,6
2527,6
2528,6
2529,6
2530,7
2531,5
2532,6
2533,6
2534,6
2535,6
2536,5
2537,6
2538,6
2539,6
2540,6
2541,6
2542,6
2543,6
2544,6
2545,6
2546,6
2547,6
2548,6
2549,6
2550,7
2551,6
2552,6
2553,6
2554,6
2555,6
2556,6
2557,6
2558,5
2559,7
2560,7
2561,7
2562,6
2563,5
2564,6
2565,6
2566,6
2567,6
2568,6
2569,6
2570,6
2571,6
2572,6
2573,6
2574,6
2575,6
2576,6
2577,6
2578,6
2579,6
2580,5
2581,6
2582,6
2583,6
2584,6
2585,7
2586,5
2587,7
2588,6
2589,6
2590,5
2591,6
2592,6
2593,5
2594,6
2595,6
2596,6
2597,6
2598,6
2599,6
2600,6
2601,6
2602,6
2603,5
2604,6
2605,6
2606,6
2607,6
2608,6
2609,6
2610,5
2611,6
2612,6
2613,6
2614,6
2615,6
2616,7
2617,6
2618,6
2619,6
2620,6
2621,6
2622,6
2623,6
2624,7
2625,5
2626,6
2627,7
2628,6
2629,5
2630,6
2631,6
2632,6
2633,6
2634,6
2635,6
2636,6
2637,5
2638,6
2639,5
2640,6
2641,6
2642,7
2643,6
2644,5
2645,6
2646,6
2647,6
2648,6
2649,6
2650,6
2651,6
2652,6
2653,6
2654,6
2655,6
2656,6
2657,6
2658,6
2659,6
2660,6
2661,6
2662,6
2663,6
2664,6
2665,6
2666,5
2667,7
2668,6
2669,6
2670,6
2671,7
2672,6
2673,6
2674,6
2675,6
2676,6
2677,6
2678,6
2679,7
2680,6
2681,14
2682,6
2683,6
2684,6
2685,6
2686,6
2687,6
2688,7
2689,6
2690,6
2691,6
2692,6
2693,5
2694,6
2695,6
2696,6
2697,6
2698,6
2699,6
2700,6
2701,6
2702,6
2703,5
2704,7
2705,5
2706,5
2707,6
2708,5
2709,7
2710,6
2711,5
2712,6
2713,6
2714,7
2715,6
2716,7
2717,7
2718,6
2719,6
2720,7
2721,5
2722,6
2723,7
2724,6
2725,6
2726,6
2727,6
2728,6
2729,6
2730,6
2731,6
2732,7
2733,6
2734,6
2735,6
2736,6
2737,6
2738,7
2739,5
2740,6
2741,6
2742,6
2743,6
2744,6
2745,6
2746,5
2747,7
2748,5
2749,7
2750,6
2751,5
2752,6
2753,6
2754,6
2755,6
2756,6
2757,6
2758,6
2759,5
2760,4
2761,4
2762,5
2763,6
2764,6
2765,6
2766,6
2767,6
2768,6
2769,6
2770,6
2771,7
2772,7
2773,6
2774,5
2775,6
2776,6
2777,6
2778,6
2779,6
2780,6
2781,6
2782,7
2783,6
2784,7
2785,7
2786,6
2787,6
2788,7
2789,6
2790,6
2791,5
2792,6
2793,6
2794,5
2795,6
2796,6
2797,6
2798,5
2799,5
2800,7
2801,5
2802,6
2803,6
2804,6
2805,6
2806,6
2807,6
2808,6
2809,5
2810,6
2811,6
2812,6
2813,5
2814,6
2815,6
2816,6
2817,6
2818,6
2819,7
2820,6
2821,6
2822,6
2823,6
2824,7
2825,6
2826,6
2827,6
2828,5
2829,7
2830,6
2831,6
2832,6
2833,6
2834,6
2835,6
2836,6
2837,6
2838,6
2839,6
2840,6
2841,7
2842,6
2843,5
2844,7
2845,5
2846,7
2847,5
2848,6
2849,7
2850,4
2851,6
2852,6
2853,6
2854,6
2855,6
2856,6
2857,6
2858,6
2859,6
2860,6
2861,5
2862,6
2863,6
2864,6
2865,6
2866,5
2867,6
2868,6
2869,6
2870,6
2871,6
2872,6
2873,7
2874,6
2875,6
2876,7
2877,6
2878,6
2879,6
2880,6
2881,6
2882,6
2883,6
2884,6
2885,6
2886,7
2887,5
2888,6
2889,6
2890,7
2891,6
2892,6
2893,6
2894,6
2895,6
2896,5
2897,7
2898,5
2899,7
2900,6
2901,5
2902,6
2903,6
2904,6
2905,6
2906,6
2907,6
2908,6
2909,6
2910,6
2911,6
2912,7
2913,6
2914,6
2915,6
2916,6
2917,5
2918,6
2919,6
2920,6
2921,6
2922,6
2923,6
2924,6
2925,6
2926,5
2927,7
2928,6
2929,6
2930,6
2931,7
2932,6
2933,6
2934,6
2935,6
2936,6
2937,6
2938,6
2939,6
2940,5
2941,6
2942,7
2943,7
2944,5
2945,6
2946,6
2947,6
2948,7
2949,6
2950,5
2951,6
2952,6
2953,6
2954,6
2955,6
2956,6
2957,6
2958,6
2959,6
2960,6
2961,6
2962,6
2963,6
2964,6
2965,7
2966,6
2967,6
2968,6
2969,6
2970,6
2971,6
2972,6
2973,6
2974,6
2975,5
2976,7
2977,5
2978,6
2979,7
2980,6
2981,6
2982,6
2983,6
2984,6
2985,6
2986,6
2987,6
2988,6
2989,6
2990,5
2991,6
2992,6
2993,6
2994,5
2995,7
2996,6
2997,7
2998,5
2999,6
3000,7
3001,6
3002,6
3003,6
3004,6
3005,6
3006,6
3007,6
3008,6
3009,6
3010,5
3011,7
3012,6
3013,6
3014,6
3015,6
3016,6
3017,6
3018,6
3019,6
3020,5
3021,7
3022,5
3023,7
3024,5
3025,6
3026,7
3027,5
3028,6
3029,6
3030,5
3031,6
3032,6
3033,6
3034,6
3035,6
3036,6
3037,6
3038,6
3039,6
3040,6
3041,6
3042,6
3043,6
3044,5
3045,6
3046,6
3047,6
3048,6
3049,6
3050,6
3051,6
3052,6
3053,6
3054,6
3055,6
3056,6
3057,6
3058,6
3059,6
3060,6
3061,6
3062,6
3063,6
3064,6
3065,6
3066,6
3067,6
3068,6
3069,6
3070,6
3071,6
3072,6
3073,7
3074,5
3075,6
3076,5
3077,7
3078,6
3079,6
3080,5
3081,6
3082,6
3083,7
3084,6
3085,6
3086,5
3087,6
3088,6
3089,6
3090,6
3091,6
3092,6
3093,6
3094,6
3095,6
3096,6
3097,7
3098,6
3099,6
3100,6
3101,5
3102,7
3103,6
3104,6
3105,6
3106,5
3107,6
3108,7
3109,5
3110,7
3111,6
3112,6
3113,6
3114,6
3115,6
3116,6
3117,6
3118,6
3119,6
3120,6
3121,6
3122,6
3123,7
3124,6
3125,6
3126,6
3127,5
3128,7
3129,6
3130,5
3131,6
3132,6
3133,7
3134,6
3135,6
3136,6
3137,6
3138,5
3139,6
3140,6
3141,6
3142,6
3143,6
3144,6
3145,5
3146,7
3147,6
3148,6
3149,6
3150,6
3151,6
3152,5
3153,4
3154,7
3155,6
3156,6
3157,5
3158,6
3159,7
3160,6
3161,6
3162,6
3163,5
3164,7
3165,6
3166,6
3167,6
3168,6
3169,5
3170,6
3171,6
3172,6
3173,6
3174,7
3175,5
3176,6
3177,6
3178,6
3179,6
3180,6
3181,6
3182,6
3183,5
3184,7
3185,6
3186,6
3187,6
3188,6
3189,6
3190,6
3191,6
3192,6
3193,6
3194,6
3195,6
3196,6
3197,6
3198,6
3199,6
3200,5
3201,6
3202,6
3203,6
3204,6
3205,6
3206,6
3207,6
3208,6
3209,7
3210,6
3211,6
3212,5
3213,6
3214,6
3215,6
3216,6
3217,7
3218,5
3219,7
3220,6
3221,6
3222,6
3223,6
3224,6
3225,5
3226,6
3227,6
3228,6
3229,6
3230,6
3231,5
3232,8
3233,6
3234,6
3235,6
3236,7
3237,6
3238,5
3239,6
3240,6
3241,6
3242,6
3243,6
3244,6
3245,6
3246,7
3247,6
3248,6
3249,6
3250,7
3251,6
3252,6
3253,5
3254,6
3255,7
3256,5
3257,6
3258,7
3259,6
3260,6
3261,6
3262,7
3263,5
3264,6
3265,6
3266,7
3267,7
3268,6
3269,6
3270,6
3271,6
3272,6
3273,6
3274,6
3275,6
3276,6
3277,6
3278,7
3279,6
3280,6
3281,6
3282,6
3283,6
3284,6
3285,7
3286,5
3287,6
3288,6
3289,7
3290,6
3291,6
3292,6
3293,6
3294,7
3295,6
3296,6
3297,5
3298,6
3299,6
3300,6
3301,7
3302,6
3303,7
3304,6
3305,6
3306,6
3307,6
3308,6
3309,6
3310,5
3311,6
3312,6
3313,5
3314,6
3315,6
3316,7
3317,5
3318,7
3319,5
3320,6
3321,6
3322,6
3323,6
3324,6
3325,6
3326,6
3327,6
3328,5
3329,6
3330,6
3331,6
3332,6
3333,7
3334,5
3335,5
3336,6
3337,7
3338,6
3339,6
3340,6
3341,6
3342,6
3343,6
3344,5
3345,6
3346,6
3347,6
3348,6
3349,6
3350,6
3351,7
3352,5
3353,7
3354,5
3355,6
3356,6
3357,6
3358,5
3359,7
3360,6
3361,6
3362,5
3363,7
3364,5
3365,6
3366,6
3367,5
3368,6
3369,6
3370,6
3371,6
3372,5
3373,5
3374,7
3375,5
3376,6
3377,6
3378,6
3379,5
3380,6
3381,6
3382,5
3383,6
3384,6
3385,6
3386,6
3387,6
3388,7
3389,4
3390,6
3391,6
3392,6
3393,6
3394,6
3395,6
3396,5
3397,6
3398,6
3399,6
3400,6
3401,6
3402,6
3403,6
3404,6
3405,5
3406,6
3407,6
3408,7
3409,6
3410,6
3411,6
3412,6
3413,7
3414,6
3415,6
3416,5
3417,7
3418,6
3419,6
3420,6
3421,6
3422,5
3423,6
3424,6
3425,6
3426,6
3427,6
3428,6
3429,6
3430,6
3431,5
3432,7
3433,5
3434,7
3435,5
3436,7
3437,5
3438,7
3439,5
3440,7
3441,6
3442,5
3443,6
3444,6
3445,7
3446,6
3447,6
3448,6
3449,6
3450,6
3451,7
3452,6
3453,7
3454,7
3455,6
3456,6
3457,6
3458,6
3459,6
3460,7
3461,7
3462,5
3463,6
3464,6
3465,4
3466,5
3467,6
3468,6
3469,6
3470,6
3471,7
3472,6
3473,6
3474,7
3475,6
3476,6
3477,5
3478,7
3479,6
3480,6
3481,7
3482,7
3483,6
3484,6
3485,6
3486,6
3487,6
3488,6
3489,5
3490,6
3491,6
3492,6
3493,6
3494,6
3495,5
3496,7
3497,5
3498,6
3499,7
3500,6
3501,6
3502,6
3503,5
3504,6
3505,7
3506,6
3507,5
3508,6
3509,6
3510,6
3511,6
3512,6
3513,6
3514,6
3515,6
3516,6
3517,6
3518,6
3519,6
3520,7
3521,5
3522,6
3523,6
3524,6
3525,6
3526,6
3527,6
3528,6
3529,6
3530,6
3531,5
3532,6
3533,6
3534,6
3535,6
3536,6
3537,6
3538,5
3539,6
3540,6
3541,6
3542,6
3543,9
3544,10
3545,6
3546,6
3547,6
3548,5
3549,6
3550,6
3551,6
3552,6
3553,5
3554,6
3555,7
3556,5
3557,6
3558,6
3559,5
3560,6
3561,6
3562,5
3563,7
3564,6
3565,6
3566,7
3567,6
3568,6
3569,6
3570,6
3571,6
3572,6
3573,6
3574,6
3575,6
3576,6
3577,6
3578,6
3579,6
3580,6
3581,7
3582,6
3583,5
3584,6
3585,7
3586,6
3587,6
3588,6
3589,6
3590,6
3591,6
3592,6
3593,6
3594,6
3595,6
3596,6
3597,6
3598,6
3599,6
3600,6
3601,6
3602,6
3603,6
3604,6
3605,6
3606,6
3607,6
3608,6
3609,6
3610,6
3611,6
3612,6
3613,6
3614,7
3615,6
3616,6
3617,7
3618,5
3619,6
3620,6
3621,4
3622,6
3623,6
3624,6
3625,6
3626,7
3627,7
3628,5
3629,6
3630,6
3631,7
3632,6
3633,6
3634,7
3635,6
3636,6
3637,6
3638,5
3639,6
3640,5
3641,5
3642,6
3643,6
3644,5
3645,6
3646,6
3647,6
3648,6
3649,6
3650,6
3651,6
3652,6
3653,6
3654,6
3655,6
3656,6
3657,6
3658,6
3659,6
3660,6
3661,6
3662,6
3663,6
3664,6
3665,6
3666,6
3667,6
3668,6
3669,6
3670,6
3671,6
3672,6
3673,6
3674,6
3675,6
3676,6
3677,6
3678,6
3679,6
3680,6
3681,6
3682,6
3683,6
3684,7
3685,5
3686,6
3687,6
3688,6
3689,6
3690,6
3691,6
3692,6
3693,6
3694,5
3695,6
3696,6
3697,6
3698,6
3699,6
3700,4
3701,6
3702,6
3703,6
3704,5
3705,7
3706,6
3707,6
3708,6
3709,6
3710,6
3711,6
3712,5
3713,6
3714,6
3715,6
3716,6
3717,7
3718,7
3719,7
3720,6
3721,6
3722,7
3723,6
3724,6
3725,6
3726,6
3727,6
3728,6
3729,7
3730,6
3731,6
3732,6
3733,6
3734,7
3735,5
3736,7
3737,5
3738,6
3739,6
3740,6
3741,6
3742,6
3743,6
3744,6
3745,6
3746,6
3747,6
3748,6
3749,6
3750,7
3751,5
3752,7
3753,6
3754,6
3755,6
3756,6
3757,6
3758,6
3759,6
3760,5
3761,5
3762,7
3763,6
3764,6
3765,6
3766,6
3767,6
3768,6
3769,6
3770,6
3771,6
3772,6
3773,6
3774,6
3775,6
3776,6
3777,6
3778,6
3779,6
3780,6
3781,7
3782,5
3783,6
3784,6
3785,6
3786,5
3787,7
3788,5
3789,6
3790,6
3791,6
3792,6
3793,6
3794,7
3795,5
3796,5
3797,6
3798,6
3799,6
3800,6
3801,5
3802,6
3803,7
3804,6
3805,6
3806,6
3807,5
3808,6
3809,6
3810,7
3811,5
3812,6
3813,6
3814,6
3815,5
3816,7
3817,6
3818,6
3819,6
3820,6
3821,6
3822,6
3823,6
3824,6
3825,6
3826,6
3827,6
3828,6
3829,6
3830,6
3831,6
3832,5
3833,7
3834,6
3835,6
3836,6
3837,5
3838,7
3839,7
3840,5
3841,6
3842,6
3843,6
3844,6
3845,6
3846,6
3847,6
3848,6
3849,6
3850,6
3851,6
3852,7
3853,6
3854,6
3855,5
3856,7
3857,5
3858,6
3859,6
3860,6
3861,6
3862,6
3863,6
3864,6
3865,7
3866,5
3867,6
3868,7
3869,6
3870,7
3871,6
3872,6
3873,6
3874,6
3875,6
3876,6
3877,6
3878,6
3879,6
3880,6
3881,6
3882,5
3883,6
3884,6
3885,6
3886,6
3887,6
3888,6
3889,5
3890,6
3891,6
3892,6
3893,6
3894,7
3895,6
3896,5
3897,6
3898,6
3899,6
3900,6
3901,6
3902,6
3903,6
3904,5
3905,7
3906,5
3907,6
3908,6
3909,6
3910,6
3911,7
3912,5
3913,6
3914,6
3915,6
3916,7
3917,6
3918,6
3919,7
3920,7
3921,6
3922,6
3923,6
3924,6
3925,6
3926,6
3927,6
3928,6
3929,6
3930,6
3931,5
3932,6
3933,5
3934,10
3935,4
3936,7
3937,6
3938,6
3939,6
3940,6
3941,6
3942,6
3943,6
3944,5
3945,7
3946,6
3947,6
3948,6
3949,6
3950,6
3951,5
3952,7
3953,6
3954,5
3955,7
3956,6
3957,6
3958,6
3959,6
3960,6
3961,7
3962,6
3963,6
3964,6
3965,6
3966,6
3967,6
3968,7
3969,6
3970,5
3971,7
3972,5
3973,7
3974,6
3975,6
3976,6
3977,6
3978,6
3979,6
3980,6
3981,6
3982,6
3983,6
3984,6
3985,6
3986,5
3987,6
3988,6
3989,6
3990,6
3991,6
3992,6
3993,6
3994,6
3995,5
3996,6
3997,5
3998,6
3999,5
4000,6
4001,6
4002,6
4003,6
4004,6
4005,6
4006,6
4007,6
4008,6
4009,6
4010,6
4011,6
4012,6
4013,6
4014,6
4015,6
4016,6
4017,6
4018,6
4019,5
4020,6
4021,6
4022,7
4023,6
4024,5
4025,6
4026,5
4027,6
4028,6
4029,6
4030,5
4031,6
4032,7
4033,5
4034,6
4035,6
4036,6
4037,6
4038,7
4039,5
4040,5
4041,6
4042,6
4043,6
4044,6
4045,6
4046,6
4047,6
4048,6
4049,6
4050,6
4051,6
4052,6
4053,6
4054,6
4055,7
4056,6
4057,6
4058,6
4059,6
4060,6
4061,7
4062,6
4063,7
4064,6
4065,6
4066,6
4067,6
4068,6
4069,6
4070,6
4071,7
4072,5
4073,6
4074,7
4075,7
4076,5
4077,6
4078,6
4079,6
4080,6
4081,6
4082,6
4083,6
4084,6
4085,6
4086,6
4087,6
4088,6
4089,6
4090,5
4091,4
4092,6
4093,6
4094,6
4095,6
4096,7
4097,6
4098,6
4099,6
4100,6
4101,6
4102,6
4103,7
4104,7
4105,6
4106,6
4107,6
4108,6
4109,6
4110,6
4111,6
4112,6
4113,6
4114,6
4115,6
4116,6
4117,6
4118,7
4119,6
4120,6
4121,7
4122,6
4123,5
4124,6
4125,6
4126,6
4127,6
4128,6
4129,5
4130,7
4131,6
4132,5
4133,6
4134,6
4135,5
4136,6
4137,6
4138,6
4139,6
4140,5
4141,6
4142,6
4143,6
4144,6
4145,6
4146,6
4147,6
4148,6
4149,5
4150,6
4151,6
4152,6
4153,6
4154,7
4155,6
4156,6
4157,6
4158,6
4159,6
4160,6
4161,6
4162,6
4163,6
4164,6
4165,7
4166,5
4167,6
4168,4
4169,10
4170,5
4171,7
4172,6
4173,7
4174,5
4175,6
4176,6
4177,6
4178,6
4179,6
4180,6
4181,6
4182,5
4183,6
4184,5
4185,7
4186,6
4187,6
4188,6
4189,6
4190,6
4191,6
4192,5
4193,6
4194,7
4195,5
4196,6
4197,6
4198,6
4199,5
4200,5
4201,7
4202,6
4203,6
4204,6
4205,6
4206,6
4207,6
4208,6
4209,6
4210,6
4211,6
4212,6
4213,7
4214,6
4215,6
4216,6
4217,6
4218,6
4219,6
4220,6
4221,6
4222,6
4223,7
4224,5
4225,7
4226,6
4227,7
4228,6
4229,6
4230,5
4231,6
4232,6
4233,6
4234,6
4235,6
4236,6
4237,6
4238,6
4239,6
4240,6
4241,6
4242,6
4243,6
4244,7
4245,6
4246,4
4247,6
4248,6
4249,6
4250,5
4251,6
4252,6
4253,6
4254,6
4255,6
4256,6
4257,6
4258,5
4259,6
4260,6
4261,6
4262,6
4263,6
4264,6
4265,6
4266,7
4267,6
4268,6
4269,7
4270,6
4271,6
4272,5
4273,7
4274,6
4275,6
4276,6
4277,7
4278,6
4279,6
4280,6
4281,6
4282,6
4283,6
4284,6
4285,6
4286,5
4287,6
4288,6
4289,6
4290,6
4291,6
4292,6
4293,6
4294,7
4295,6
4296,6
4297,6
4298,6
4299,6
4300,5
4301,7
4302,5
4303,6
4304,6
4305,5
4306,7
4307,6
4308,7
4309,5
4310,7
4311,5
4312,6
4313,6
4314,6
4315,6
4316,6
4317,6
4318,6
4319,6
4320,6
4321,6
4322,6
4323,6
4324,7
4325,6
4326,6
4327,6
4328,6
4329,6
4330,6
4331,6
4332,6
4333,6
4334,6
4335,6
4336,7
4337,6
4338,6
4339,7
4340,6
4341,6
4342,6
4343,5
4344,6
4345,6
4346,6
4347,6
4348,6
4349,6
4350,6
4351,6
4352,6
4353,6
4354,6
4355,6
4356,7
4357,6
4358,7
4359,6
4360,6
4361,6
4362,7
4363,5
4364,7
4365,6
4366,6
4367,6
4368,6
4369,5
4370,5
4371,6
4372,6
4373,6
4374,6
4375,6
4376,7
4377,6
4378,6
4379,6
4380,6
4381,6
4382,6
4383,6
4384,6
4385,6
4386,5
4387,6
4388,6
4389,6
4390,6
4391,6
4392,6
4393,6
4394,6
4395,6
4396,6
4397,6
4398,5
4399,6
4400,5
4401,7
4402,4
4403,6
4404,6
4405,6
4406,6
4407,7
4408,6
4409,6
4410,6
4411,6
4412,6
4413,6
4414,7
4415,5
4416,7
4417,5
4418,6
4419,5
4420,6
4421,6
4422,6
4423,6
4424,6
4425,6
4426,5
4427,7
4428,6
4429,6
4430,6
4431,6
4432,6
4433,6
4434,6
4435,5
4436,5
4437,6
4438,6
4439,6
4440,6
4441,6
4442,6
4443,6
4444,6
4445,6
4446,6
4447,6
4448,6
4449,6
4450,7
4451,6
4452,6
4453,6
4454,6
4455,6
4456,6
4457,5
4458,6
4459,5
4460,7
4461,6
4462,6
4463,6
4464,5
4465,6
4466,6
4467,7
4468,6
4469,7
4470,6
4471,6
4472,6
4473,6
4474,6
4475,6
4476,6
4477,6
4478,7
4479,6
4480,5
4481,5
4482,6
4483,6
4484,6
4485,6
4486,5
4487,6
4488,6
4489,6
4490,6
4491,7
4492,6
4493,4
4494,7
4495,5
4496,7
4497,6
4498,6
4499,7
4500,6
4501,6
4502,6
4503,6
4504,7
4505,5
4506,6
4507,6
4508,6
4509,6
4510,6
4511,6
4512,6
4513,6
4514,6
4515,6
4516,6
4517,5
4518,6
4519,6
4520,6
4521,6
4522,6
4523,6
4524,6
4525,6
4526,6
4527,6
4528,6
4529,6
4530,6
4531,6
4532,6
4533,6
4534,6
4535,6
4536,6
4537,7
4538,6
4539,6
4540,6
4541,6
4542,7
4543,5
4544,6
4545,6
4546,6
4547,6
4548,5
4549,6
4550,6
4551,6
4552,6
4553,6
4554,6
4555,6
4556,6
4557,5
4558,7
4559,5
4560,5
4561,6
4562,6
4563,6
4564,6
4565,6
4566,6
4567,6
4568,6
4569,6
4570,5
4571,6
4572,7
4573,5
4574,7
4575,5
4576,5
4577,6
4578,5
4579,6
4580,6
4581,6
4582,5
4583,6
4584,7
4585,6
4586,6
4587,6
4588,6
4589,6
4590,6
4591,6
4592,6
4593,6
4594,7
4595,6
4596,6
4597,6
4598,6
4599,6
4600,6
4601,6
4602,6
4603,6
4604,6
4605,6
4606,6
4607,6
4608,6
4609,6
4610,6
4611,6
4612,6
4613,6
4614,6
4615,6
4616,5
4617,6
4618,6
4619,6
4620,6
4621,7
4622,6
4623,6
4624,6
4625,6
4626,5
4627,7
4628,6
4629,6
4630,6
4631,6
4632,6
4633,6
4634,6
4635,6
4636,6
4637,5
4638,7
4639,7
4640,6
4641,7
4642,5
4643,7
4644,6
4645,6
4646,6
4647,6
4648,6
4649,6
4650,6
4651,6
4652,7
4653,7
4654,6
4655,7
4656,6
4657,5
4658,7
4659,7
4660,6
4661,5
4662,6
4663,6
4664,6
4665,6
4666,6
4667,6
4668,6
4669,6
4670,6
4671,5
4672,6
4673,6
4674,6
4675,6
4676,5
4677,6
4678,6
4679,6
4680,6
4681,6
4682,6
4683,6
4684,6
4685,6
4686,6
4687,6
4688,6
4689,6
4690,6
4691,6
4692,6
4693,6
4694,7
4695,5
4696,6
4697,6
4698,6
4699,6
4700,5
4701,7
4702,5
4703,7
4704,6
4705,6
4706,6
4707,6
4708,6
4709,6
4710,6
4711,6
4712,6
4713,6
4714,6
4715,7
4716,5
4717,6
4718,6
4719,5
4720,6
4721,6
4722,6
4723,6
4724,6
4725,6
4726,6
4727,6
4728,6
4729,6
4730,6
4731,5
4732,6
4733,6
4734,6
4735,6
4736,6
4737,6
4738,6
4739,6
4740,6
4741,6
4742,6
4743,6
4744,6
4745,6
4746,6
4747,7
4748,5
4749,7
4750,7
4751,6
4752,6
4753,6
4754,7
4755,6
4756,6
4757,6
4758,6
4759,6
4760,6
4761,6
4762,6
4763,6
4764,6
4765,6
4766,5
4767,7
4768,6
4769,6
4770,6
4771,6
4772,6
4773,6
4774,7
4775,6
4776,6
4777,5
4778,6
4779,6
4780,6
4781,6
4782,5
4783,6
4784,6
4785,7
4786,6
4787,5
4788,7
4789,6
4790,6
4791,6
4792,6
4793,6
4794,5
4795,6
4796,6
4797,7
4798,6
4799,5
4800,7
4801,5
4802,7
4803,6
4804,6
4805,6
4806,6
4807,6
4808,7
4809,5
4810,6
4811,6
4812,6
4813,6
4814,5
4815,6
4816,7
4817,6
4818,6
4819,6
4820,6
4821,6
4822,6
4823,5
4824,6
4825,6
4826,6
4827,6
4828,6
4829,6
4830,7
4831,6
4832,6
4833,6
4834,6
4835,6
4836,6
4837,6
4838,6
4839,6
4840,6
4841,6
4842,6
4843,6
4844,6
4845,6
4846,5
4847,7
4848,6
4849,6
4850,6
4851,6
4852,5
4853,6
4854,7
4855,6
4856,6
4857,6
4858,7
4859,6
4860,6
4861,5
4862,6
4863,6
4864,5
4865,6
4866,6
4867,6
4868,6
4869,5
4870,5
4871,14
4872,6
4873,6
4874,5
4875,5
4876,6
4877,7
4878,5
4879,7
4880,5
4881,6
4882,6
4883,6
4884,6
4885,6
4886,6
4887,6
4888,6
4889,6
4890,7
4891,5
4892,7
4893,6
4894,5
4895,6
4896,6
4897,6
4898,5
4899,6
4900,7
4901,6
4902,6
4903,6
4904,5
4905,6
4906,6
4907,5
4908,5
4909,7
4910,6
4911,6
4912,6
4913,6
4914,6
4915,6
4916,6
4917,6
4918,6
4919,6
4920,6
4921,7
4922,6
4923,6
4924,6
4925,6
4926,6
4927,6
4928,6
4929,6
4930,7
4931,6
4932,5
4933,6
4934,6
4935,6
4936,6
4937,5
4938,6
4939,7
4940,6
4941,7
4942,6
4943,7
4944,6
4945,6
4946,6
4947,6
4948,11
4949,5
4950,5
4951,7
4952,7
4953,6
4954,6
4955,6
4956,6
4957,6
4958,6
4959,6
4960,6
4961,6
4962,6
4963,6
4964,6
4965,7
4966,6
4967,5
4968,6
4969,7
4970,6
4971,7
4972,6
4973,6
4974,6
4975,7
4976,6
4977,5
4978,7
4979,6
4980,6
4981,7
4982,5
4983,6
4984,6
4985,6
4986,6
4987,5
4988,6
4989,6
4990,6
4991,6
4992,7
4993,6
4994,6
4995,6
4996,6
4997,6
4998,6
4999,5
5000,5
5001,7
5002,5
5003,6
5004,5
5005,7
5006,6
5007,5
5008,6
5009,6
5010,6
5011,6
5012,5
5013,7
5014,6
5015,6
5016,7
5017,6
5018,5
5019,6
5020,6
5021,6
5022,6
5023,5
5024,6
5025,7
5026,5
5027,6
5028,5
5029,6
5030,6
5031,6
5032,6
5033,6
5034,6
5035,6
5036,6
5037,6
5038,6
5039,7
5040,6
5041,6
5042,6
5043,6
5044,5
5045,6
5046,6
5047,6
5048,6
5049,6
5050,5
5051,5
5052,6
5053,6
5054,6
5055,6
5056,6
5057,7
5058,5
5059,6
5060,6
5061,7
5062,7
5063,6
5064,6
5065,7
5066,6
5067,6
5068,6
5069,6
5070,5
5071,6
5072,6
5073,5
5074,7
5075,6
5076,6
5077,6
5078,6
5079,7
5080,6
5081,6
5082,6
5083,7
5084,5
5085,7
5086,6
5087,6
5088,6
5089,7
5090,6
5091,6
5092,6
5093,6
5094,5
5095,6
5096,6
5097,6
5098,6
5099,6
5100,6
5101,6
5102,6
5103,6
5104,6
5105,5
5106,6
5107,6
5108,6
5109,6
5110,5
5111,6
5112,6
5113,6
5114,6
5115,6
5116,6
5117,5
5118,6
5119,6
5120,6
5121,6
5122,6
5123,6
5124,6
5125,6
5126,6
5127,5
5128,7
5129,6
5130,6
5131,6
5132,6
5133,6
5134,5
5135,6
5136,6
5137,5
5138,7
5139,5
5140,6
5141,6
5142,6
5143,6
5144,6
5145,6
5146,6
5147,7
5148,5
5149,6
5150,7
5151,5
5152,6
5153,6
5154,6
5155,6
5156,6
5157,6
5158,6
5159,6
5160,6
5161,6
5162,6
5163,5
5164,7
5165,6
5166,5
5167,6
5168,6
5169,6
5170,6
5171,7
5172,6
5173,6
5174,6
5175,7
5176,5
5177,6
5178,6
5179,6
5180,6
5181,6
5182,5
5183,5
5184,6
5185,6
5186,6
5187,7
5188,6
5189,6
5190,7
5191,6
5192,6
5193,6
5194,6
5195,5
5196,6
5197,6
5198,6
5199,6
5200,6
5201,6
5202,7
5203,6
5204,6
5205,6
5206,6
5207,6
5208,6
5209,6
5210,6
5211,7
5212,6
5213,6
5214,5
5215,7
5216,5
5217,6
5218,6
5219,6
5220,6
5221,6
5222,6
5223,6
5224,6
5225,6
5226,6
5227,6
5228,6
5229,6
5230,6
5231,6
5232,6
5233,6
5234,5
5235,7
5236,6
5237,6
5238,6
5239,6
5240,6
5241,6
5242,6
5243,6
5244,6
5245,6
5246,6
5247,6
5248,5
5249,7
5250,5
5251,7
5252,5
5253,6
5254,6
5255,6
5256,7
5257,5
5258,6
5259,6
5260,6
5261,7
5262,4
5263,6
5264,4
5265,6
5266,6
5267,6
5268,5
5269,5
5270,6
5271,6
5272,6
5273,7
5274,6
5275,6
5276,6
5277,7
5278,6
5279,5
5280,6
5281,6
5282,6
5283,6
5284,6
5285,6
5286,6
5287,6
5288,6
5289,6
5290,5
5291,7
5292,6
5293,6
5294,6
5295,6
5296,6
5297,6
5298,6
5299,5
5300,6
5301,6
5302,6
5303,5
5304,5
5305,5
5306,5
5307,5
5308,7
5309,4
5310,7
5311,5
5312,5
5313,5
5314,9
5315,4
5316,5
5317,7
5318,6
5319,4
5320,6
5321,5
5322,5
5323,5
5324,5
5325,6
5326,5
5327,5
5328,5
5329,6
5330,5
5331,6
5332,5
5333,6
5334,5
5335,6
5336,5
5337,5
5338,5
5339,6
5340,7
5341,5
5342,6
5343,5
5344,7
5345,5
5346,6
5347,5
5348,6
5349,5
5350,6
5351,6
5352,5
5353,6
5354,5
5355,6
5356,5
5357,5
5358,5
5359,7
5360,4
5361,6
5362,5
5363,5
5364,5
5365,5
5366,10
5367,4
5368,8
5369,4
5370,7
5371,5
5372,5
5373,7
5374,5
5375,5
5376,8
5377,16
5378,11
5379,7
5380,6
5381,11
5382,5
5383,8
5384,10
5385,6
5386,6
5387,5
5388,8
5389,6
5390,11
