8.206600e-04
7.110500e-04
5.848200e-04
7.060300e-04
7.198900e-04
8.549200e-04
6.504000e-04
6.641600e-04
6.539000e-04
7.499100e-04
7.252200e-04
6.659800e-04
6.456200e-04
8.202800e-04
6.208800e-04
8.276800e-04
5.590500e-04
8.103100e-04
7.740300e-04
8.312000e-04
7.228300e-04
7.577000e-04
6.598700e-04
7.782900e-04
7.071100e-04
6.250200e-04
6.228000e-04
7.964300e-04
8.203400e-04
7.209700e-04
7.137800e-04
6.389300e-04
6.386000e-04
7.292400e-04
5.672000e-04
7.115400e-04
6.982500e-04
5.877100e-04
5.015700e-04
7.703600e-04
7.110800e-04
7.402300e-04
6.822900e-04
7.085500e-04
6.863600e-04
6.923100e-04
7.242200e-04
7.042600e-04
6.874800e-04
6.137100e-04
7.001200e-04
6.775500e-04
7.209300e-04
8.015400e-04
6.819100e-04
7.516000e-04
7.341400e-04
6.821100e-04
7.596000e-04
6.613200e-04
6.682100e-04
7.144000e-04
7.316600e-04
6.879300e-04
8.153300e-04
7.752500e-04
7.648300e-04
6.137800e-04
7.207800e-04
6.583100e-04
6.718700e-04
6.902200e-04
7.215500e-04
7.985300e-04
7.262100e-04
7.611600e-04
6.866500e-04
6.873500e-04
6.304200e-04
7.773200e-04
7.136600e-04
7.696400e-04
7.093200e-04
7.685100e-04
6.771000e-04
6.814800e-04
7.501300e-04
7.189300e-04
8.533700e-04
7.112300e-04
7.353800e-04
7.809800e-04
6.912900e-04
8.046800e-04
7.255200e-04
6.730600e-04
6.895100e-04
5.932800e-04
8.325400e-04
8.144800e-04
7.184900e-04
6.010900e-04
7.901500e-04
8.007300e-04
7.152900e-04
7.312200e-04
6.840700e-04
6.660100e-04
8.120900e-04
6.314500e-04
6.811000e-04
6.327600e-04
6.931100e-04
8.111600e-04
7.002400e-04
8.413000e-04
7.319400e-04
7.061900e-04
8.126100e-04
7.881100e-04
6.316600e-04
6.670300e-04
7.220600e-04
5.994100e-04
6.196800e-04
7.500900e-04
6.272200e-04
6.574300e-04
7.357200e-04
7.668200e-04
6.873700e-04
7.166300e-04
6.498700e-04
6.073400e-04
6.075800e-04
7.286300e-04
6.712200e-04
7.284200e-04
6.436700e-04
8.132500e-04
7.369500e-04
7.402100e-04
8.442200e-04
7.583900e-04
7.078900e-04
6.566400e-04
6.665300e-04
7.389000e-04
6.131900e-04
6.745300e-04
6.873200e-04
7.439000e-04
7.777300e-04
6.647800e-04
6.844400e-04
7.020500e-04
6.253200e-04
8.186400e-04
6.686400e-04
7.017600e-04
6.621600e-04
7.567200e-04
6.697400e-04
7.740200e-04
7.813500e-04
5.860800e-04
7.206200e-04
6.935400e-04
6.470100e-04
6.180600e-04
6.644500e-04
6.902800e-04
7.556800e-04
6.387300e-04
7.099800e-04
7.692700e-04
7.666700e-04
6.860800e-04
6.924800e-04
7.228200e-04
6.892200e-04
7.167000e-04
7.634400e-04
6.563300e-04
7.506300e-04
6.716500e-04
6.971700e-04
7.375900e-04
5.897000e-04
7.323100e-04
6.791900e-04
5.492900e-04
6.062300e-04
7.936700e-04
6.032100e-04
7.865000e-04
6.842000e-04
6.096800e-04
6.228300e-04
7.472500e-04
7.309700e-04
8.436500e-04
8.172900e-04
8.344100e-04
7.475500e-04
7.015800e-04
6.803800e-04
6.609900e-04
6.373800e-04
6.888700e-04
6.740300e-04
7.112300e-04
7.944600e-04
6.486600e-04
7.265700e-04
6.670900e-04
6.682900e-04
7.369500e-04
7.844600e-04
6.746800e-04
6.489500e-04
6.609300e-04
8.110600e-04
7.714400e-04
8.049200e-04
6.673300e-04
6.930500e-04
6.981600e-04
7.708800e-04
7.192900e-04
7.805200e-04
7.406700e-04
7.524400e-04
7.518800e-04
5.988300e-04
7.133800e-04
7.326200e-04
7.394600e-04
7.216200e-04
5.642600e-04
8.540700e-04
7.096200e-04
7.076000e-04
7.911000e-04
7.113500e-04
6.117500e-04
7.360900e-04
6.977700e-04
6.661600e-04
7.291500e-04
7.107500e-04
8.268600e-04
6.847700e-04
7.640500e-04
7.378700e-04
7.569700e-04
6.324400e-04
7.732900e-04
7.515900e-04
6.179200e-04
7.075300e-04
6.587600e-04
6.824400e-04
7.334800e-04
6.570700e-04
7.169600e-04
7.681600e-04
7.725400e-04
7.223700e-04
6.251300e-04
5.550000e-04
7.686800e-04
6.205500e-04
6.688600e-04
7.620100e-04
7.948900e-04
6.099500e-04
6.357700e-04
7.766100e-04
6.808200e-04
6.230500e-04
7.784500e-04
7.451900e-04
8.585100e-04
6.577300e-04
6.830200e-04
7.215600e-04
7.614500e-04
7.562500e-04
6.262700e-04
6.295800e-04
6.175200e-04
8.190600e-04
7.483900e-04
5.701000e-04
7.657000e-04
7.071700e-04
8.087600e-04
7.769500e-04
7.509400e-04
7.622500e-04
7.039800e-04
6.938000e-04
6.812300e-04
7.184600e-04
8.935400e-04
7.454300e-04
5.909700e-04
7.051800e-04
6.625300e-04
6.927700e-04
6.512700e-04
7.311200e-04
7.274700e-04
5.971800e-04
6.190200e-04
7.510100e-04
8.131700e-04
7.739300e-04
6.471600e-04
7.461400e-04
5.443900e-04
7.343300e-04
6.432600e-04
8.005200e-04
7.048600e-04
7.231100e-04
7.832100e-04
7.759100e-04
6.272200e-04
6.211000e-04
5.870100e-04
6.733500e-04
7.343100e-04
6.342100e-04
7.439600e-04
8.565300e-04
6.046800e-04
7.490500e-04
7.939000e-04
6.028600e-04
5.725700e-04
7.722600e-04
6.696100e-04
6.590500e-04
6.953100e-04
5.640600e-04
6.676800e-04
7.720600e-04
7.379500e-04
7.200700e-04
5.888300e-04
6.565700e-04
6.331700e-04
5.809200e-04
6.292200e-04
5.880400e-04
8.067300e-04
8.125600e-04
6.823600e-04
6.184700e-04
6.718200e-04
6.756800e-04
6.595600e-04
7.075100e-04
6.396000e-04
7.237400e-04
7.270500e-04
7.615200e-04
6.115800e-04
6.481700e-04
6.658300e-04
5.528600e-04
6.656200e-04
6.270600e-04
5.983200e-04
8.105000e-04
7.117500e-04
6.814900e-04
7.592800e-04
7.285600e-04
8.016400e-04
6.140300e-04
7.950700e-04
6.133700e-04
7.454600e-04
7.920200e-04
7.030000e-04
7.357900e-04
8.577900e-04
8.229600e-04
5.832200e-04
6.226100e-04
7.314500e-04
7.535900e-04
5.205400e-04
7.295800e-04
6.663200e-04
6.955700e-04
6.899600e-04
8.073800e-04
7.119200e-04
6.721600e-04
7.349300e-04
8.192900e-04
7.458500e-04
6.599300e-04
6.337400e-04
7.790000e-04
7.719300e-04
7.113200e-04
6.608000e-04
7.189400e-04
7.312700e-04
6.348200e-04
6.926100e-04
7.622900e-04
7.322200e-04
6.982300e-04
6.968100e-04
7.111400e-04
7.461600e-04
8.007100e-04
7.637500e-04
6.831100e-04
7.134500e-04
7.659000e-04
6.681200e-04
6.063900e-04
6.242300e-04
5.425100e-04
6.764800e-04
7.335300e-04
6.538000e-04
6.444300e-04
8.032900e-04
6.712400e-04
5.979400e-04
7.366200e-04
7.223300e-04
7.216200e-04
7.708900e-04
7.596200e-04
7.713900e-04
7.079300e-04
7.040400e-04
7.226200e-04
7.079900e-04
6.550100e-04
7.296400e-04
6.233000e-04
7.332400e-04
7.400600e-04
7.475700e-04
7.142500e-04
8.443300e-04
7.211100e-04
6.970700e-04
7.608400e-04
6.396900e-04
7.130500e-04
7.450100e-04
6.316800e-04
8.085500e-04
7.733900e-04
7.066800e-04
7.044400e-04
6.600700e-04
7.951600e-04
7.890200e-04
7.476500e-04
6.381900e-04
6.977000e-04
7.863400e-04
6.852700e-04
5.564600e-04
7.541200e-04
7.956900e-04
7.648900e-04
7.060100e-04
7.280000e-04
7.378100e-04
7.061400e-04
6.636300e-04
8.121700e-04
7.936800e-04
7.260100e-04
6.452300e-04
7.025100e-04
6.597800e-04
6.607000e-04
6.712700e-04
6.750200e-04
6.233400e-04
6.745100e-04
5.489200e-04
6.751000e-04
7.059000e-04
7.081700e-04
6.358100e-04
5.489000e-04
5.910500e-04
7.275400e-04
8.480900e-04
6.544800e-04
6.175400e-04
7.469400e-04
7.755400e-04
5.901200e-04
6.765800e-04
7.929900e-04
7.157900e-04
7.070200e-04
6.275100e-04
5.585500e-04
7.487200e-04
6.804200e-04
7.433700e-04
7.119400e-04
6.941300e-04
7.668900e-04
6.378500e-04
7.675500e-04
6.807300e-04
7.208800e-04
7.457900e-04
6.020500e-04
8.061500e-04
7.919200e-04
7.094800e-04
6.635700e-04
6.137700e-04
6.368700e-04
6.955800e-04
7.893900e-04
7.195300e-04
6.881000e-04
8.082800e-04
7.126900e-04
6.934400e-04
6.399300e-04
8.355300e-04
7.312800e-04
7.086100e-04
7.444500e-04
7.977200e-04
7.673600e-04
7.790300e-04
7.276700e-04
5.755700e-04
6.997300e-04
6.246600e-04
7.532700e-04
7.078000e-04
7.902800e-04
6.638000e-04
7.715800e-04
8.112300e-04
7.482200e-04
6.485800e-04
7.644200e-04
6.603100e-04
7.291900e-04
7.056400e-04
7.405800e-04
6.241200e-04
7.389300e-04
7.391900e-04
6.675800e-04
6.782700e-04
6.221800e-04
5.908300e-04
7.751400e-04
6.071900e-04
6.373700e-04
7.628700e-04
6.750000e-04
7.302400e-04
8.233900e-04
6.993600e-04
5.834400e-04
6.144900e-04
8.072000e-04
7.697700e-04
6.237900e-04
6.497800e-04
6.722700e-04
7.387900e-04
8.461500e-04
6.964600e-04
7.795500e-04
6.268600e-04
7.907900e-04
6.310400e-04
6.418400e-04
6.126000e-04
6.843000e-04
7.301700e-04
6.985400e-04
6.506600e-04
7.753500e-04
6.964000e-04
7.597500e-04
6.914800e-04
5.837600e-04
6.595300e-04
7.422500e-04
6.456000e-04
7.562700e-04
6.443600e-04
6.683000e-04
7.012100e-04
5.890500e-04
6.837300e-04
7.053200e-04
6.523700e-04
7.152500e-04
6.576700e-04
8.020600e-04
6.707500e-04
5.916200e-04
5.643900e-04
6.770500e-04
7.470100e-04
7.247900e-04
6.768900e-04
8.207100e-04
7.212600e-04
7.098900e-04
7.966600e-04
7.116000e-04
8.159600e-04
6.946000e-04
7.298700e-04
5.765000e-04
7.573900e-04
7.753300e-04
5.674400e-04
7.295500e-04
6.295900e-04
6.947300e-04
6.836600e-04
7.671600e-04
6.749600e-04
6.820700e-04
7.061200e-04
8.051800e-04
7.133300e-04
7.540700e-04
7.030700e-04
6.310800e-04
7.088200e-04
6.930600e-04
8.133700e-04
7.211900e-04
5.892000e-04
8.075800e-04
6.346200e-04
7.093100e-04
5.897500e-04
6.618000e-04
7.304300e-04
7.583700e-04
7.252800e-04
7.351500e-04
6.560800e-04
7.320000e-04
6.405300e-04
7.261000e-04
7.845000e-04
6.229600e-04
8.062800e-04
6.728200e-04
6.658500e-04
7.598500e-04
7.173700e-04
6.373800e-04
7.259600e-04
6.576900e-04
7.185800e-04
6.892600e-04
6.399700e-04
6.794800e-04
6.165600e-04
6.535300e-04
7.994400e-04
7.138700e-04
6.859700e-04
6.918200e-04
6.753000e-04
6.377700e-04
6.471700e-04
6.866400e-04
5.755900e-04
8.350000e-04
6.701900e-04
7.074100e-04
7.492200e-04
6.575000e-04
7.684200e-04
7.255200e-04
7.127100e-04
7.829300e-04
5.454800e-04
6.226000e-04
7.058900e-04
6.906100e-04
6.308800e-04
6.205400e-04
6.535100e-04
6.990800e-04
8.152600e-04
7.212900e-04
7.826800e-04
7.436900e-04
8.416300e-04
6.941900e-04
7.641600e-04
6.996400e-04
6.943400e-04
6.340000e-04
7.132500e-04
5.989100e-04
6.891100e-04
6.738500e-04
6.508000e-04
6.462700e-04
6.600900e-04
7.156200e-04
6.797400e-04
6.926900e-04
6.615400e-04
5.723900e-04
8.101600e-04
5.529500e-04
5.896200e-04
8.298800e-04
7.698900e-04
6.847300e-04
8.464900e-04
7.622300e-04
6.253300e-04
7.011600e-04
6.724800e-04
6.805100e-04
8.460600e-04
6.550800e-04
7.075400e-04
6.602900e-04
6.332700e-04
7.275300e-04
7.235800e-04
7.060800e-04
7.967300e-04
7.763200e-04
8.033800e-04
7.794900e-04
7.382400e-04
8.073100e-04
6.257400e-04
8.280600e-04
6.653100e-04
6.456000e-04
5.917600e-04
7.066100e-04
6.965400e-04
6.450700e-04
6.558100e-04
7.602800e-04
8.363000e-04
7.336800e-04
7.464200e-04
6.595400e-04
6.626200e-04
6.869200e-04
6.245400e-04
7.807500e-04
6.708600e-04
7.350500e-04
6.982600e-04
6.509500e-04
6.727700e-04
7.347700e-04
5.414200e-04
7.581200e-04
6.653800e-04
6.504800e-04
7.058900e-04
7.248300e-04
7.674100e-04
6.005500e-04
6.661300e-04
6.959500e-04
7.972600e-04
7.793400e-04
8.017100e-04
7.317000e-04
6.674500e-04
6.260100e-04
7.710600e-04
6.008300e-04
7.662900e-04
7.055300e-04
6.962700e-04
7.410400e-04
5.985700e-04
6.378800e-04
7.307000e-04
5.944800e-04
5.835600e-04
6.208500e-04
7.858000e-04
7.710000e-04
8.024000e-04
7.397800e-04
7.001000e-04
7.667900e-04
7.108600e-04
6.904200e-04
7.475900e-04
6.810600e-04
6.867300e-04
5.424200e-04
6.445400e-04
6.728500e-04
6.915300e-04
7.056200e-04
8.493800e-04
7.349500e-04
7.254200e-04
6.529000e-04
7.155100e-04
6.897600e-04
6.015400e-04
7.765800e-04
7.281900e-04
6.636000e-04
6.646000e-04
7.033700e-04
7.183300e-04
8.054600e-04
6.336700e-04
5.957400e-04
8.378600e-04
7.269500e-04
6.159600e-04
7.344200e-04
8.027900e-04
8.175700e-04
5.911700e-04
6.882700e-04
6.688900e-04
7.273500e-04
6.315500e-04
7.486200e-04
6.094000e-04
8.330900e-04
6.826200e-04
6.098100e-04
8.518100e-04
7.463400e-04
7.773600e-04
5.982800e-04
7.920900e-04
7.548600e-04
7.306600e-04
8.125000e-04
7.161800e-04
5.582900e-04
8.523600e-04
5.861300e-04
7.666000e-04
6.679300e-04
6.842000e-04
8.041000e-04
8.519500e-04
7.548200e-04
7.687300e-04
6.888000e-04
7.550300e-04
6.031500e-04
6.631000e-04
6.453200e-04
8.110600e-04
6.493400e-04
5.958100e-04
7.915700e-04
7.603800e-04
7.439400e-04
6.290200e-04
8.507000e-04
6.544600e-04
6.895700e-04
7.699600e-04
7.061800e-04
5.639900e-04
7.233700e-04
6.962900e-04
6.468600e-04
7.777700e-04
6.225700e-04
7.872200e-04
8.526200e-04
6.281200e-04
6.975400e-04
7.336900e-04
6.648700e-04
7.016100e-04
6.454800e-04
7.222100e-04
7.411800e-04
6.700300e-04
6.238800e-04
6.561400e-04
7.237800e-04
7.860400e-04
7.173600e-04
7.006200e-04
6.017900e-04
7.855300e-04
8.188700e-04
8.769000e-04
6.902800e-04
6.734400e-04
7.596200e-04
6.278700e-04
7.397600e-04
7.814100e-04
7.603600e-04
7.560500e-04
7.334700e-04
6.816200e-04
6.637900e-04
6.116600e-04
7.204800e-04
7.685000e-04
7.083500e-04
8.225800e-04
7.049500e-04
8.105900e-04
6.774200e-04
6.778400e-04
7.588700e-04
6.885600e-04
6.333800e-04
7.877200e-04
7.100400e-04
6.705600e-04
5.903200e-04
7.666300e-04
6.006400e-04
6.424400e-04
6.750100e-04
6.609800e-04
6.415100e-04
6.606500e-04
7.645100e-04
6.176300e-04
6.775900e-04
6.634300e-04
7.048100e-04
8.257900e-04
7.051500e-04
6.132300e-04
7.009200e-04
7.719400e-04
6.516600e-04
5.118400e-04
6.228900e-04
6.269600e-04
7.471000e-04
6.556800e-04
5.904900e-04
6.669700e-04
7.607300e-04
6.301600e-04
6.790900e-04
7.258900e-04
6.530500e-04
7.642000e-04
6.929900e-04
7.544400e-04
7.085300e-04
7.945300e-04
7.386000e-04
8.142800e-04
7.632100e-04
7.835300e-04
6.595300e-04
7.780700e-04
7.527800e-04
6.964700e-04
8.054400e-04
7.906600e-04
7.069900e-04
5.978300e-04
6.372600e-04
7.251500e-04
8.172900e-04
5.062700e-04
6.752800e-04
7.738600e-04
6.735500e-04
7.366900e-04
6.215400e-04
7.757400e-04
5.809200e-04
8.388600e-04
6.868300e-04
8.541700e-04
6.979900e-04
7.046200e-04
7.378900e-04
7.643400e-04
6.631000e-04
8.074400e-04
7.641000e-04
7.406400e-04
6.062900e-04
6.541500e-04
6.361200e-04
7.450600e-04
6.441200e-04
7.516700e-04
6.224200e-04
6.409100e-04
6.513000e-04
6.598900e-04
6.519900e-04
7.125700e-04
8.078000e-04
7.168300e-04
6.252400e-04
8.797500e-04
6.938900e-04
7.510600e-04
6.958800e-04
6.623400e-04
7.306200e-04
7.356700e-04
6.764000e-04
7.650500e-04
6.400200e-04
6.699700e-04
6.882200e-04
5.113300e-04
6.783900e-04
7.256600e-04
7.708000e-04
7.581000e-04
7.911000e-04
6.981000e-04
7.385900e-04
6.997300e-04
6.953300e-04
7.024100e-04
6.625900e-04
7.518900e-04
7.468700e-04
5.898600e-04
7.192200e-04
7.597200e-04
6.466400e-04
7.579700e-04
7.824100e-04
7.464300e-04
7.297500e-04
5.582300e-04
6.709200e-04
6.852200e-04
6.785500e-04
6.266700e-04
8.380800e-04
5.801500e-04
6.228600e-04
8.024200e-04
6.804100e-04
6.385900e-04
6.377500e-04
6.967100e-04
7.958600e-04
7.006800e-04
6.536800e-04
6.393400e-04
5.924100e-04
7.838300e-04
7.354400e-04
7.222300e-04
6.796500e-04
5.949200e-04
7.342700e-04
8.197700e-04
8.076800e-04
8.184000e-04
7.389400e-04
6.043700e-04
7.769200e-04
7.515000e-04
7.768700e-04
7.538500e-04
6.766300e-04
6.678900e-04
7.662100e-04
8.119400e-04
6.502000e-04
6.809500e-04
6.394000e-04
7.233400e-04
8.140000e-04
6.385900e-04
6.897700e-04
7.919000e-04
7.030200e-04
6.815100e-04
7.726800e-04
6.699700e-04
7.834000e-04
6.736000e-04
7.593500e-04
7.241200e-04
8.065300e-04
7.774000e-04
7.729500e-04
7.135200e-04
7.362700e-04
8.156300e-04
6.772200e-04
6.666400e-04
6.733600e-04
6.748900e-04
7.085400e-04
7.781600e-04
6.957500e-04
7.649700e-04
8.459300e-04
6.255200e-04
6.577300e-04
7.174300e-04
6.876300e-04
7.100000e-04
7.437900e-04
7.276200e-04
7.234500e-04
6.617300e-04
7.985800e-04
7.852600e-04
7.007500e-04
6.737300e-04
6.908500e-04
7.362100e-04
6.982600e-04
5.816500e-04
7.790300e-04
7.208500e-04
5.761700e-04
6.844500e-04
7.325400e-04
6.865200e-04
6.680400e-04
7.430400e-04
7.646900e-04
6.550900e-04
7.626100e-04
6.804100e-04
8.086100e-04
6.565200e-04
5.933400e-04
6.727700e-04
6.311700e-04
7.173700e-04
7.139900e-04
7.742400e-04
6.759700e-04
7.775900e-04
7.290300e-04
7.707200e-04
7.165300e-04
5.544400e-04
5.856400e-04
7.417600e-04
6.766100e-04
7.027000e-04
6.914700e-04
6.527100e-04
7.365700e-04
7.499100e-04
7.633800e-04
7.325500e-04
5.903100e-04
6.846200e-04
6.782000e-04
6.172300e-04
6.651600e-04
7.640600e-04
8.877300e-04
8.164800e-04
7.113400e-04
7.077300e-04
7.613700e-04
7.434000e-04
7.152400e-04
6.471300e-04
6.218900e-04
8.919700e-04
6.580800e-04
5.885900e-04
8.397600e-04
5.974100e-04
7.922700e-04
5.955200e-04
7.158900e-04
7.289200e-04
7.217300e-04
8.093600e-04
6.396800e-04
6.141100e-04
6.600400e-04
7.185500e-04
6.544200e-04
7.130300e-04
7.265300e-04
8.495200e-04
6.540800e-04
6.765400e-04
5.691700e-04
7.311100e-04
7.049500e-04
7.968000e-04
8.207200e-04
7.889900e-04
8.317600e-04
7.566300e-04
8.182000e-04
7.509800e-04
6.613100e-04
7.417800e-04
7.503400e-04
6.349100e-04
5.439700e-04
8.144200e-04
6.883400e-04
6.241500e-04
7.041300e-04
6.926000e-04
7.612400e-04
5.907000e-04
6.648500e-04
7.225800e-04
6.982900e-04
7.363200e-04
7.049700e-04
8.094800e-04
5.932000e-04
5.717500e-04
7.934500e-04
8.193100e-04
5.930700e-04
6.109400e-04
7.247700e-04
7.667500e-04
7.827200e-04
7.080000e-04
7.590100e-04
7.360700e-04
6.767800e-04
7.465800e-04
5.841000e-04
6.840700e-04
8.399400e-04
6.912200e-04
5.894100e-04
6.601900e-04
7.344700e-04
6.786400e-04
8.281600e-04
7.532000e-04
6.167800e-04
8.176000e-04
7.432100e-04
7.401100e-04
6.364200e-04
6.641200e-04
6.293500e-04
6.060400e-04
6.386900e-04
8.065100e-04
6.670700e-04
5.251600e-04
7.265800e-04
7.038500e-04
6.504300e-04
6.333800e-04
6.768700e-04
5.034400e-04
7.128100e-04
6.904400e-04
7.645600e-04
6.969100e-04
8.187000e-04
7.892600e-04
5.608600e-04
6.718300e-04
7.400700e-04
6.814300e-04
7.910700e-04
7.279300e-04
7.229900e-04
7.677800e-04
7.534700e-04
7.752300e-04
7.486300e-04
7.730700e-04
7.328400e-04
5.856600e-04
7.149700e-04
6.457700e-04
7.187800e-04
7.865400e-04
6.283500e-04
7.245700e-04
7.000400e-04
7.213100e-04
6.003400e-04
7.691900e-04
7.700900e-04
7.062400e-04
6.892100e-04
7.604500e-04
7.050700e-04
6.581900e-04
7.526400e-04
6.178300e-04
8.282300e-04
7.672800e-04
6.362800e-04
6.196200e-04
7.195300e-04
7.061200e-04
7.043300e-04
5.743800e-04
6.576800e-04
6.909200e-04
6.911800e-04
7.774400e-04
6.942200e-04
6.695700e-04
6.517600e-04
7.390700e-04
7.944000e-04
7.529700e-04
7.354200e-04
7.608100e-04
7.149200e-04
6.875600e-04
8.175100e-04
6.398400e-04
7.223400e-04
6.597100e-04
6.437300e-04
6.859300e-04
5.828300e-04
6.678500e-04
6.842200e-04
7.946100e-04
6.644300e-04
7.490800e-04
7.317400e-04
6.545400e-04
7.412000e-04
5.928700e-04
7.260900e-04
6.675700e-04
7.894900e-04
7.063200e-04
8.089300e-04
7.398500e-04
5.971300e-04
7.590000e-04
5.973300e-04
5.977100e-04
6.431000e-04
8.140700e-04
7.638700e-04
6.234000e-04
6.874500e-04
6.747900e-04
7.817700e-04
7.094700e-04
8.719300e-04
6.750800e-04
7.302300e-04
7.383800e-04
7.703600e-04
6.538000e-04
7.564900e-04
6.873100e-04
6.961200e-04
7.212900e-04
7.567400e-04
6.017900e-04
8.066800e-04
5.852300e-04
6.445700e-04
6.173800e-04
6.802100e-04
7.288400e-04
8.106600e-04
6.864300e-04
6.668300e-04
6.413100e-04
7.598900e-04
6.551700e-04
6.086800e-04
6.656800e-04
6.601600e-04
7.698000e-04
7.440400e-04
6.235700e-04
6.875900e-04
5.531000e-04
7.206900e-04
6.902400e-04
7.370100e-04
5.907200e-04
7.203300e-04
6.325700e-04
6.272600e-04
6.561200e-04
6.951700e-04
6.585500e-04
6.412800e-04
7.176200e-04
6.791900e-04
7.823300e-04
5.878900e-04
6.183500e-04
7.082000e-04
6.200400e-04
7.114600e-04
6.954400e-04
6.948000e-04
7.679900e-04
6.306900e-04
6.030600e-04
6.723100e-04
6.801000e-04
7.510900e-04
6.323200e-04
8.589900e-04
6.435900e-04
6.720400e-04
7.725600e-04
6.754600e-04
6.874800e-04
6.812700e-04
6.609800e-04
7.150600e-04
6.678700e-04
6.091800e-04
6.472700e-04
7.079600e-04
6.955700e-04
7.567700e-04
7.911400e-04
6.169600e-04
7.258000e-04
6.639900e-04
7.397900e-04
6.323500e-04
8.221300e-04
7.245000e-04
5.849700e-04
8.203900e-04
6.430000e-04
7.161800e-04
6.645100e-04
7.471400e-04
8.082000e-04
7.734500e-04
7.682400e-04
6.617500e-04
7.955200e-04
7.120400e-04
7.585500e-04
6.306600e-04
7.397000e-04
7.742300e-04
7.020200e-04
7.938400e-04
7.243500e-04
6.307800e-04
7.158400e-04
7.037300e-04
5.677000e-04
8.068800e-04
6.670900e-04
8.115500e-04
6.215200e-04
6.138900e-04
7.324500e-04
7.162000e-04
6.860800e-04
6.966900e-04
8.531100e-04
8.013900e-04
6.938400e-04
8.590500e-04
6.747600e-04
6.693400e-04
6.630200e-04
5.819200e-04
6.863900e-04
7.103200e-04
7.389500e-04
6.628100e-04
7.159200e-04
7.409400e-04
8.022200e-04
7.496800e-04
7.844200e-04
7.501700e-04
6.582900e-04
7.285600e-04
7.154000e-04
6.785700e-04
6.852000e-04
7.368500e-04
6.800500e-04
7.112400e-04
6.142500e-04
7.065500e-04
6.946700e-04
7.965500e-04
8.050700e-04
7.214200e-04
6.853700e-04
7.316000e-04
5.929200e-04
5.963900e-04
7.941700e-04
6.049300e-04
7.197100e-04
7.637100e-04
6.752800e-04
8.330800e-04
8.135200e-04
8.381900e-04
6.818200e-04
6.621100e-04
7.525900e-04
7.863400e-04
6.781200e-04
7.959500e-04
6.794300e-04
7.204800e-04
7.496100e-04
7.188900e-04
7.857700e-04
5.884500e-04
6.215000e-04
7.586500e-04
6.578300e-04
5.746000e-04
7.057200e-04
6.795100e-04
5.525000e-04
7.795000e-04
5.591900e-04
6.745500e-04
7.141300e-04
7.868000e-04
5.771200e-04
6.653200e-04
5.113700e-04
7.065600e-04
6.697300e-04
7.533900e-04
6.526000e-04
6.070400e-04
5.407200e-04
8.095200e-04
7.498600e-04
7.669700e-04
6.869400e-04
6.769100e-04
6.075900e-04
6.747000e-04
7.197400e-04
6.478600e-04
5.837400e-04
7.415900e-04
8.017200e-04
6.871800e-04
6.752400e-04
7.676600e-04
6.167200e-04
7.363800e-04
7.526300e-04
7.960100e-04
6.307500e-04
6.033700e-04
7.069300e-04
7.480200e-04
7.131300e-04
6.990200e-04
6.885800e-04
6.900300e-04
6.626300e-04
7.256500e-04
6.193200e-04
6.840700e-04
7.306400e-04
7.688300e-04
6.812300e-04
7.135100e-04
7.014400e-04
6.584200e-04
7.306000e-04
5.820500e-04
7.805400e-04
6.981000e-04
5.807100e-04
8.546500e-04
7.190300e-04
6.814000e-04
7.055500e-04
6.362600e-04
6.189900e-04
7.341800e-04
6.053500e-04
7.016500e-04
7.197700e-04
6.217700e-04
7.214500e-04
6.762200e-04
6.619100e-04
7.698700e-04
6.818900e-04
8.002800e-04
6.717600e-04
7.714800e-04
7.197400e-04
6.967000e-04
8.188800e-04
6.166800e-04
6.241700e-04
7.231000e-04
6.763800e-04
6.664400e-04
7.763700e-04
5.452000e-04
7.116700e-04
5.951700e-04
8.072200e-04
7.628300e-04
7.821900e-04
6.915700e-04
7.792000e-04
6.948400e-04
7.728200e-04
7.457300e-04
7.200100e-04
7.799400e-04
6.432300e-04
6.619400e-04
6.097700e-04
7.120200e-04
6.984900e-04
7.043600e-04
7.069700e-04
7.091700e-04
8.218300e-04
7.681800e-04
7.720400e-04
6.172700e-04
6.669800e-04
7.659200e-04
6.967900e-04
7.704300e-04
5.862500e-04
7.439300e-04
5.536600e-04
7.475100e-04
7.711400e-04
8.198600e-04
6.716300e-04
6.725100e-04
7.666000e-04
7.631600e-04
6.833800e-04
6.532300e-04
7.861400e-04
7.830300e-04
6.248200e-04
7.330100e-04
6.804600e-04
6.764300e-04
8.116000e-04
6.831500e-04
7.769200e-04
7.515700e-04
7.141600e-04
6.232100e-04
6.511200e-04
7.416500e-04
6.110600e-04
6.540700e-04
7.791600e-04
6.991100e-04
8.582100e-04
6.761800e-04
6.700600e-04
7.804500e-04
5.487900e-04
7.604000e-04
7.168000e-04
7.130400e-04
7.199300e-04
6.284800e-04
6.447600e-04
7.791300e-04
6.342400e-04
5.849200e-04
6.359400e-04
7.439100e-04
8.021300e-04
6.799900e-04
6.269600e-04
6.914200e-04
7.530000e-04
7.163800e-04
7.405800e-04
8.591200e-04
6.600200e-04
6.264500e-04
5.843900e-04
5.847200e-04
6.704700e-04
7.914900e-04
6.271200e-04
8.006200e-04
7.876700e-04
6.412200e-04
5.325900e-04
7.679900e-04
6.296300e-04
5.907300e-04
6.926700e-04
8.206700e-04
6.444200e-04
8.104100e-04
8.280800e-04
6.874400e-04
7.372000e-04
7.890200e-04
8.140500e-04
6.813400e-04
7.395900e-04
6.381800e-04
6.826100e-04
7.815800e-04
7.852700e-04
6.407600e-04
6.747400e-04
6.889400e-04
6.915800e-04
7.658500e-04
6.378600e-04
7.079800e-04
6.492000e-04
7.376000e-04
7.495300e-04
7.757300e-04
6.855000e-04
6.648600e-04
6.890200e-04
6.916600e-04
7.080300e-04
7.524900e-04
7.665300e-04
6.742400e-04
6.362300e-04
6.654500e-04
5.703900e-04
7.059700e-04
6.254800e-04
7.464400e-04
7.120300e-04
7.643900e-04
8.174200e-04
6.674000e-04
7.253100e-04
6.995900e-04
7.004300e-04
8.505700e-04
7.237900e-04
5.402000e-04
7.232700e-04
7.247600e-04
6.974200e-04
8.129800e-04
7.084300e-04
6.713100e-04
7.878600e-04
5.963000e-04
7.386200e-04
6.412900e-04
6.282900e-04
6.716100e-04
6.719200e-04
6.587900e-04
5.512600e-04
7.560400e-04
6.673200e-04
8.473100e-04
6.544400e-04
7.120000e-04
6.833500e-04
7.257600e-04
8.218500e-04
6.202000e-04
6.241800e-04
6.208200e-04
5.770400e-04
6.690800e-04
6.659400e-04
5.852800e-04
7.043900e-04
7.998000e-04
6.798200e-04
6.681200e-04
7.378900e-04
7.108800e-04
6.884100e-04
7.339500e-04
8.126100e-04
6.718400e-04
7.481600e-04
8.138000e-04
6.696000e-04
7.510600e-04
6.712300e-04
7.347500e-04
6.642800e-04
7.403600e-04
6.918500e-04
6.529000e-04
7.077100e-04
8.028100e-04
6.460900e-04
7.982300e-04
7.265900e-04
6.064200e-04
7.495200e-04
7.674800e-04
6.784600e-04
6.597800e-04
7.323700e-04
6.292000e-04
6.507700e-04
7.442400e-04
6.835500e-04
6.915200e-04
5.551500e-04
7.521900e-04
6.426500e-04
6.407300e-04
7.047600e-04
5.882600e-04
8.013900e-04
7.286300e-04
6.544600e-04
6.211500e-04
7.844800e-04
8.024800e-04
7.653100e-04
6.905500e-04
7.229000e-04
6.932900e-04
6.380900e-04
7.162500e-04
6.518500e-04
6.656700e-04
7.705200e-04
6.185500e-04
8.045700e-04
7.398900e-04
5.927400e-04
7.482500e-04
7.303200e-04
7.109100e-04
7.837100e-04
7.566300e-04
8.463400e-04
7.206200e-04
7.200600e-04
8.011700e-04
6.685600e-04
6.629200e-04
7.075600e-04
6.819600e-04
7.731900e-04
7.193000e-04
7.380000e-04
6.055000e-04
7.171600e-04
6.361200e-04
7.482100e-04
6.516900e-04
7.705500e-04
5.944400e-04
6.759300e-04
6.297100e-04
7.228100e-04
6.633300e-04
6.354900e-04
7.333600e-04
6.068400e-04
7.777400e-04
6.944200e-04
6.680300e-04
8.054600e-04
7.870900e-04
8.404200e-04
6.956600e-04
6.812800e-04
6.873300e-04
8.081700e-04
7.936100e-04
6.439600e-04
7.051800e-04
7.545300e-04
6.699400e-04
8.178600e-04
6.885200e-04
7.486200e-04
6.901000e-04
7.206500e-04
6.988700e-04
7.234900e-04
6.974800e-04
7.202000e-04
5.920900e-04
5.829500e-04
7.978300e-04
7.390100e-04
7.757100e-04
7.351600e-04
6.995500e-04
6.254400e-04
7.144500e-04
5.731900e-04
7.312900e-04
6.959600e-04
7.684100e-04
6.968000e-04
7.698400e-04
8.103200e-04
6.870200e-04
7.837300e-04
5.603100e-04
6.800700e-04
7.508300e-04
6.387000e-04
5.716900e-04
7.039900e-04
6.240700e-04
6.581500e-04
7.785600e-04
5.804200e-04
6.628000e-04
6.597900e-04
8.020000e-04
7.155200e-04
6.712700e-04
6.682900e-04
7.132800e-04
7.611400e-04
6.556500e-04
6.705800e-04
7.541800e-04
7.040500e-04
5.696100e-04
6.228100e-04
7.914100e-04
6.090500e-04
7.484500e-04
7.504700e-04
6.634800e-04
7.579700e-04
7.149300e-04
7.254400e-04
7.386700e-04
6.576300e-04
7.492400e-04
6.236900e-04
6.688200e-04
5.665800e-04
7.524900e-04
7.393500e-04
7.556200e-04
7.463900e-04
7.200200e-04
7.421400e-04
7.279300e-04
6.973000e-04
6.486300e-04
6.963300e-04
6.516500e-04
8.230100e-04
7.077900e-04
6.802000e-04
6.273600e-04
7.654900e-04
7.715300e-04
7.337300e-04
7.438600e-04
8.196600e-04
7.584000e-04
6.981400e-04
6.367500e-04
6.881200e-04
5.439800e-04
6.761200e-04
6.845800e-04
7.963800e-04
7.325600e-04
7.255200e-04
6.549700e-04
7.328300e-04
6.935200e-04
6.265200e-04
7.389700e-04
6.549400e-04
6.757000e-04
7.487900e-04
8.041700e-04
6.369000e-04
7.474100e-04
6.227000e-04
6.853000e-04
7.265200e-04
6.795000e-04
5.054900e-04
6.712600e-04
7.109700e-04
5.885600e-04
6.773200e-04
7.204500e-04
6.354900e-04
7.802800e-04
6.351600e-04
7.535700e-04
7.016000e-04
6.954300e-04
6.679500e-04
7.500400e-04
6.108300e-04
6.476900e-04
6.977600e-04
7.323900e-04
7.380700e-04
6.658000e-04
7.808300e-04
6.329100e-04
7.581100e-04
6.992500e-04
6.356800e-04
7.792200e-04
7.914500e-04
6.492800e-04
7.387400e-04
7.378400e-04
6.676700e-04
7.561500e-04
7.484800e-04
5.977500e-04
8.424100e-04
5.884600e-04
6.940900e-04
7.707500e-04
7.628800e-04
7.783800e-04
7.311300e-04
8.325000e-04
7.050000e-04
7.326500e-04
7.149200e-04
7.724300e-04
7.559000e-04
6.410900e-04
7.335700e-04
7.493800e-04
7.461700e-04
7.026600e-04
6.656500e-04
6.822500e-04
7.627900e-04
6.755100e-04
6.768100e-04
6.808700e-04
5.994100e-04
8.019200e-04
5.407000e-04
7.381500e-04
7.283900e-04
6.523300e-04
7.626000e-04
7.553300e-04
5.893400e-04
6.915600e-04
7.617000e-04
7.211100e-04
6.602200e-04
7.299100e-04
6.353500e-04
7.121800e-04
7.178800e-04
7.296100e-04
6.700000e-04
6.703400e-04
8.005700e-04
6.872700e-04
6.198100e-04
6.344900e-04
6.729700e-04
6.827600e-04
7.042000e-04
6.275400e-04
7.346600e-04
6.267100e-04
5.606200e-04
6.605200e-04
7.637200e-04
7.531200e-04
8.574000e-04
6.112100e-04
6.820000e-04
6.917600e-04
5.725700e-04
7.253600e-04
7.494600e-04
7.503600e-04
6.210100e-04
7.281800e-04
7.593200e-04
6.541800e-04
8.126300e-04
6.118900e-04
6.489800e-04
7.787400e-04
6.199300e-04
7.429400e-04
7.367000e-04
6.924800e-04
7.392600e-04
7.692500e-04
7.861000e-04
6.575600e-04
8.159300e-04
6.799700e-04
7.334500e-04
6.352800e-04
7.568900e-04
7.850400e-04
7.543600e-04
7.453300e-04
7.094900e-04
8.022300e-04
8.492200e-04
6.291300e-04
6.237800e-04
7.155300e-04
6.998700e-04
7.914300e-04
6.815200e-04
6.158300e-04
7.256100e-04
7.986300e-04
7.388000e-04
7.538900e-04
7.034000e-04
5.454000e-04
7.514000e-04
6.572400e-04
7.900600e-04
7.281900e-04
6.333300e-04
7.313800e-04
6.431600e-04
6.717200e-04
6.391200e-04
6.421900e-04
7.522600e-04
7.404700e-04
6.771200e-04
6.823600e-04
7.194000e-04
7.600800e-04
7.359400e-04
6.221600e-04
5.727600e-04
6.452400e-04
7.048100e-04
7.918100e-04
6.025300e-04
7.513100e-04
7.305700e-04
7.116400e-04
7.623500e-04
6.382000e-04
7.484400e-04
7.644800e-04
6.949200e-04
6.458600e-04
7.843600e-04
6.667900e-04
7.429200e-04
6.395900e-04
7.693800e-04
8.112800e-04
8.034700e-04
7.437300e-04
7.519400e-04
6.265500e-04
7.378400e-04
7.535000e-04
6.270700e-04
6.662600e-04
7.154500e-04
7.319200e-04
7.986400e-04
7.576600e-04
6.944000e-04
7.515000e-04
6.649600e-04
7.021200e-04
8.259400e-04
7.319500e-04
7.968900e-04
7.715800e-04
6.513700e-04
6.292800e-04
7.592600e-04
7.336300e-04
8.562200e-04
5.993400e-04
7.388200e-04
6.908300e-04
5.962200e-04
7.468300e-04
6.149900e-04
6.616500e-04
7.359400e-04
7.368000e-04
7.033500e-04
6.792600e-04
7.847100e-04
7.373000e-04
6.161300e-04
8.135300e-04
6.615700e-04
7.858200e-04
7.325100e-04
7.551600e-04
6.726900e-04
6.346700e-04
6.431700e-04
8.103200e-04
6.887500e-04
7.428000e-04
7.448700e-04
7.371100e-04
8.174600e-04
6.738800e-04
7.495000e-04
8.414900e-04
7.484400e-04
7.515500e-04
6.190400e-04
8.080800e-04
7.825100e-04
6.334000e-04
7.620500e-04
5.661200e-04
7.657100e-04
6.739800e-04
6.674800e-04
8.561900e-04
7.359300e-04
8.010700e-04
7.599700e-04
8.570900e-04
7.158800e-04
6.981900e-04
7.738300e-04
6.348900e-04
6.983600e-04
7.064200e-04
6.914000e-04
6.230600e-04
6.444400e-04
7.207100e-04
6.624600e-04
6.542700e-04
6.426000e-04
7.350300e-04
6.486700e-04
7.028600e-04
7.658600e-04
6.753900e-04
7.008400e-04
7.216900e-04
7.027500e-04
6.437200e-04
7.680500e-04
7.677800e-04
7.771300e-04
6.224900e-04
6.449700e-04
6.978500e-04
6.408200e-04
7.078600e-04
5.886900e-04
6.345600e-04
6.940500e-04
7.322000e-04
7.048000e-04
7.044800e-04
6.464000e-04
6.962800e-04
6.532800e-04
7.761600e-04
8.570700e-04
5.955500e-04
7.465100e-04
7.271500e-04
6.676900e-04
7.570900e-04
6.830300e-04
7.741700e-04
8.207300e-04
7.580800e-04
7.486000e-04
8.491700e-04
7.211600e-04
5.932100e-04
7.817500e-04
7.176400e-04
6.040500e-04
6.823300e-04
7.034300e-04
6.396100e-04
7.188800e-04
6.908100e-04
7.518400e-04
8.196100e-04
6.492400e-04
5.551900e-04
7.560800e-04
7.751600e-04
7.358300e-04
7.244100e-04
6.148700e-04
5.824100e-04
7.663600e-04
7.251000e-04
8.462600e-04
6.108800e-04
7.031900e-04
8.164900e-04
6.514600e-04
6.909000e-04
7.507400e-04
6.157900e-04
7.779200e-04
5.331700e-04
8.177600e-04
6.695100e-04
6.529500e-04
8.436700e-04
5.852900e-04
6.893700e-04
5.882400e-04
6.447400e-04
7.262000e-04
6.863100e-04
5.139600e-04
6.379800e-04
7.686200e-04
7.703000e-04
5.734200e-04
6.673100e-04
7.549600e-04
7.342300e-04
8.036900e-04
6.010400e-04
6.752900e-04
5.917900e-04
5.610300e-04
6.362300e-04
8.151900e-04
6.234900e-04
6.397900e-04
7.538300e-04
7.693500e-04
7.021700e-04
6.989600e-04
7.989400e-04
7.448600e-04
8.296200e-04
5.842700e-04
5.950200e-04
7.078000e-04
7.647700e-04
7.421600e-04
7.830500e-04
8.564000e-04
6.319800e-04
7.987200e-04
8.578900e-04
7.699000e-04
5.840500e-04
7.640900e-04
7.732100e-04
7.867500e-04
7.430000e-04
6.439300e-04
6.407300e-04
6.812800e-04
5.840800e-04
7.348000e-04
7.772400e-04
5.723400e-04
8.311000e-04
7.010300e-04
7.138000e-04
5.966700e-04
7.892700e-04
7.080600e-04
8.351300e-04
7.638000e-04
7.727200e-04
8.591200e-04
7.101100e-04
6.418900e-04
7.878800e-04
7.254600e-04
7.595600e-04
7.423000e-04
6.329400e-04
7.346900e-04
6.295000e-04
8.589600e-04
6.458200e-04
5.656000e-04
8.308100e-04
7.393400e-04
6.420300e-04
7.045800e-04
6.230300e-04
6.569500e-04
6.641500e-04
6.618800e-04
7.552700e-04
7.287600e-04
7.336300e-04
7.534000e-04
6.301300e-04
8.506900e-04
5.864000e-04
7.192100e-04
8.180800e-04
7.301100e-04
8.143300e-04
6.923800e-04
8.323000e-04
7.165700e-04
7.034300e-04
7.300500e-04
6.757100e-04
7.690500e-04
7.765700e-04
8.022600e-04
7.863600e-04
6.650200e-04
7.206700e-04
6.240900e-04
8.454400e-04
8.109700e-04
7.666700e-04
7.804800e-04
5.662900e-04
5.911000e-04
6.817700e-04
7.433800e-04
7.199600e-04
7.246600e-04
7.151400e-04
7.555800e-04
7.834300e-04
7.191900e-04
6.634500e-04
6.839000e-04
6.160700e-04
6.862700e-04
7.305700e-04
6.154000e-04
6.396500e-04
6.893400e-04
6.895600e-04
7.188700e-04
5.932300e-04
7.417800e-04
5.407600e-04
7.671900e-04
6.909900e-04
7.395900e-04
5.845200e-04
7.147600e-04
6.892000e-04
6.188200e-04
8.478400e-04
7.472600e-04
6.659900e-04
7.043300e-04
6.944700e-04
7.232200e-04
7.139000e-04
7.962900e-04
6.076200e-04
6.650800e-04
7.097100e-04
6.335500e-04
7.274200e-04
6.645400e-04
6.400300e-04
7.038600e-04
7.029600e-04
7.372000e-04
6.933800e-04
5.837600e-04
7.105000e-04
6.682200e-04
7.326100e-04
5.828500e-04
7.289300e-04
6.595700e-04
5.461900e-04
8.177200e-04
7.053100e-04
7.288700e-04
7.583700e-04
7.257000e-04
7.667300e-04
7.358100e-04
6.262600e-04
6.598200e-04
6.514500e-04
7.005600e-04
7.347100e-04
6.705100e-04
6.477800e-04
8.066300e-04
6.783800e-04
7.170800e-04
7.478900e-04
6.535800e-04
7.609400e-04
8.212900e-04
6.542500e-04
7.901000e-04
7.653400e-04
7.393800e-04
5.530400e-04
8.181500e-04
6.650600e-04
5.912800e-04
7.351000e-04
5.852700e-04
7.659000e-04
7.342100e-04
6.818400e-04
6.334200e-04
7.529600e-04
6.250100e-04
7.703200e-04
7.737800e-04
5.930400e-04
5.622900e-04
6.883800e-04
7.506900e-04
6.882500e-04
6.620800e-04
6.057300e-04
6.529100e-04
6.349000e-04
7.473200e-04
7.178900e-04
6.482900e-04
5.914500e-04
8.540700e-04
6.265200e-04
8.092100e-04
8.175900e-04
6.820100e-04
6.858500e-04
6.892600e-04
6.743500e-04
6.988300e-04
6.095900e-04
7.212600e-04
5.755400e-04
6.308200e-04
6.912300e-04
7.068700e-04
8.043900e-04
6.208900e-04
6.744700e-04
6.978600e-04
7.310000e-04
7.765900e-04
7.924300e-04
8.106400e-04
6.383900e-04
6.770500e-04
8.594300e-04
6.203100e-04
6.122800e-04
6.225000e-04
7.292600e-04
7.427800e-04
7.707000e-04
7.865300e-04
6.782700e-04
7.265700e-04
6.671500e-04
7.565200e-04
7.214900e-04
6.426300e-04
6.627600e-04
7.427900e-04
6.770800e-04
7.235000e-04
6.785800e-04
6.336300e-04
7.448000e-04
6.024800e-04
7.686200e-04
6.212800e-04
7.173400e-04
7.966400e-04
6.892200e-04
7.748800e-04
7.495300e-04
6.750400e-04
7.546700e-04
7.471300e-04
7.912200e-04
7.239200e-04
7.770800e-04
8.026200e-04
7.227100e-04
5.918100e-04
6.782900e-04
6.923900e-04
7.576800e-04
8.173200e-04
7.295300e-04
8.218300e-04
7.780900e-04
7.528500e-04
6.636800e-04
6.897200e-04
6.677800e-04
7.351400e-04
6.571100e-04
7.742000e-04
7.486000e-04
6.636000e-04
7.376300e-04
6.394800e-04
6.704700e-04
6.913900e-04
6.469900e-04
6.515700e-04
8.188400e-04
8.225800e-04
6.314300e-04
6.291300e-04
6.115100e-04
7.186800e-04
7.026400e-04
6.919300e-04
6.894800e-04
7.071300e-04
7.050700e-04
7.172100e-04
6.506400e-04
7.163000e-04
7.318100e-04
7.562700e-04
5.937100e-04
7.653800e-04
5.930300e-04
5.899700e-04
5.160100e-04
6.634100e-04
8.466700e-04
7.101000e-04
5.498900e-04
6.998700e-04
6.715100e-04
7.603500e-04
6.340200e-04
8.264900e-04
8.973000e-04
7.579100e-04
7.003600e-04
8.472600e-04
6.105500e-04
6.537500e-04
6.683900e-04
6.824000e-04
6.195400e-04
7.623800e-04
7.895400e-04
7.229700e-04
7.787000e-04
7.652700e-04
7.727300e-04
8.503600e-04
6.029100e-04
6.685000e-04
6.794000e-04
7.593700e-04
7.270500e-04
7.474200e-04
7.355500e-04
8.199200e-04
8.014100e-04
7.817100e-04
6.723100e-04
7.364200e-04
6.060100e-04
6.228200e-04
8.156000e-04
6.070300e-04
8.060200e-04
6.615800e-04
6.588900e-04
6.459600e-04
6.126200e-04
6.111500e-04
7.782900e-04
6.368800e-04
6.655100e-04
7.283000e-04
6.965800e-04
5.998100e-04
6.530600e-04
6.435800e-04
7.427400e-04
7.257900e-04
6.327600e-04
7.001200e-04
8.129400e-04
6.058100e-04
6.763000e-04
7.281900e-04
7.781200e-04
6.935200e-04
7.811900e-04
5.956000e-04
7.474500e-04
7.095600e-04
7.082900e-04
8.020400e-04
5.485900e-04
6.470800e-04
6.208100e-04
7.858000e-04
7.067600e-04
7.053600e-04
6.988100e-04
7.176800e-04
7.796400e-04
7.819600e-04
6.646600e-04
6.305300e-04
6.135200e-04
6.176000e-04
7.852500e-04
6.122700e-04
7.452800e-04
7.357600e-04
7.244800e-04
5.811700e-04
6.599300e-04
7.557100e-04
6.334900e-04
6.480200e-04
6.831600e-04
7.240500e-04
6.318100e-04
7.592100e-04
8.114400e-04
5.878400e-04
6.432700e-04
6.936500e-04
7.406100e-04
6.730800e-04
6.048100e-04
8.043900e-04
6.830800e-04
7.812900e-04
7.283900e-04
6.303800e-04
8.085000e-04
7.715000e-04
7.419500e-04
8.026100e-04
8.130700e-04
8.433300e-04
7.663800e-04
7.776800e-04
6.960000e-04
7.088500e-04
7.726800e-04
6.997100e-04
7.516700e-04
7.461100e-04
6.884600e-04
6.364600e-04
6.749200e-04
5.673900e-04
7.293000e-04
8.094500e-04
7.684000e-04
7.645000e-04
7.866600e-04
7.220500e-04
5.965700e-04
7.458100e-04
6.693000e-04
6.671500e-04
6.929000e-04
6.040900e-04
7.258500e-04
5.389100e-04
7.053900e-04
6.360200e-04
6.412300e-04
7.248700e-04
6.511100e-04
7.862600e-04
7.040900e-04
7.106900e-04
7.894900e-04
6.445800e-04
6.152900e-04
7.538000e-04
7.775800e-04
7.805600e-04
7.499500e-04
7.331800e-04
6.608200e-04
7.507500e-04
6.035800e-04
7.270700e-04
8.155300e-04
7.165700e-04
7.141000e-04
8.032600e-04
6.473400e-04
7.257400e-04
8.078400e-04
7.081500e-04
6.339400e-04
7.159200e-04
7.017000e-04
6.891800e-04
7.784800e-04
7.132700e-04
7.085200e-04
8.043600e-04
7.015800e-04
7.557500e-04
6.678200e-04
7.829600e-04
7.675900e-04
8.480400e-04
6.417300e-04
7.719200e-04
7.287100e-04
6.993800e-04
8.151200e-04
6.580100e-04
7.910000e-04
6.449000e-04
5.987800e-04
7.270900e-04
7.123800e-04
7.437900e-04
7.536900e-04
6.963900e-04
6.868600e-04
7.188100e-04
7.307500e-04
6.755100e-04
5.649100e-04
7.462000e-04
7.970100e-04
6.409400e-04
8.128100e-04
7.303500e-04
6.820800e-04
7.619600e-04
5.919100e-04
7.556500e-04
7.835200e-04
8.026600e-04
6.487700e-04
7.269600e-04
7.923600e-04
5.470700e-04
8.160900e-04
7.427300e-04
5.612300e-04
8.054400e-04
8.406400e-04
7.432000e-04
7.242000e-04
8.214800e-04
7.959600e-04
7.085500e-04
5.674400e-04
6.384900e-04
6.924100e-04
7.175500e-04
7.599000e-04
7.809200e-04
7.389800e-04
6.526900e-04
7.838800e-04
7.323300e-04
6.114700e-04
8.003300e-04
6.364700e-04
7.231700e-04
5.643600e-04
6.659800e-04
7.304100e-04
6.164300e-04
7.234200e-04
6.265500e-04
7.349400e-04
7.313400e-04
6.766200e-04
7.726000e-04
7.066700e-04
7.379500e-04
7.777900e-04
6.795800e-04
7.302600e-04
6.281500e-04
6.981500e-04
7.074500e-04
7.273400e-04
6.825500e-04
7.535600e-04
6.661800e-04
7.196200e-04
6.811500e-04
7.194600e-04
7.232600e-04
7.115300e-04
6.380600e-04
8.080000e-04
6.723100e-04
7.070000e-04
7.703800e-04
7.695700e-04
6.439400e-04
6.802100e-04
7.206200e-04
6.154700e-04
6.516800e-04
7.162300e-04
6.494600e-04
6.337300e-04
6.958600e-04
6.079400e-04
8.053000e-04
5.893600e-04
7.194200e-04
6.599300e-04
8.182500e-04
6.600100e-04
7.810700e-04
6.690400e-04
7.185300e-04
8.036000e-04
8.594800e-04
7.213600e-04
7.300700e-04
6.982200e-04
7.581200e-04
6.535900e-04
5.894300e-04
7.879900e-04
6.916500e-04
7.642900e-04
7.632400e-04
6.470900e-04
7.150200e-04
7.550000e-04
7.491300e-04
7.065900e-04
6.247600e-04
7.678100e-04
5.537500e-04
7.627900e-04
7.013700e-04
6.672700e-04
8.066500e-04
6.669100e-04
6.656900e-04
6.772100e-04
5.770100e-04
6.132300e-04
6.811300e-04
7.340000e-04
6.156700e-04
7.765300e-04
6.827500e-04
8.076700e-04
7.892500e-04
8.329300e-04
6.491500e-04
5.456900e-04
6.305900e-04
6.214600e-04
5.879700e-04
7.637300e-04
7.521900e-04
6.809000e-04
7.362000e-04
6.410200e-04
6.353300e-04
7.120300e-04
6.240600e-04
7.242600e-04
7.458800e-04
7.198800e-04
8.009400e-04
8.555400e-04
7.988200e-04
6.861700e-04
7.432200e-04
7.900000e-04
6.375800e-04
7.325500e-04
7.165800e-04
6.609800e-04
6.692900e-04
7.681900e-04
6.587600e-04
7.330100e-04
6.584500e-04
8.581500e-04
6.391600e-04
6.822800e-04
6.264200e-04
6.897000e-04
6.443600e-04
7.862500e-04
6.760400e-04
6.800900e-04
5.862000e-04
7.888000e-04
6.694200e-04
7.360900e-04
8.091300e-04
6.720300e-04
6.612200e-04
6.684800e-04
7.239600e-04
7.082500e-04
6.439700e-04
6.597000e-04
7.134500e-04
7.476900e-04
7.344800e-04
8.074100e-04
6.436500e-04
7.431600e-04
6.348300e-04
6.131900e-04
7.119600e-04
6.345700e-04
7.173200e-04
6.582000e-04
6.414000e-04
7.369400e-04
6.852400e-04
5.869400e-04
8.028100e-04
6.506400e-04
6.991900e-04
7.047500e-04
7.081300e-04
6.634400e-04
8.106400e-04
6.076400e-04
6.846900e-04
7.101900e-04
7.603500e-04
5.985400e-04
8.119300e-04
6.437700e-04
7.399600e-04
7.346000e-04
7.418900e-04
7.169300e-04
6.942600e-04
5.313200e-04
7.977700e-04
6.938600e-04
5.915600e-04
7.347200e-04
7.068400e-04
7.757900e-04
7.253200e-04
6.757800e-04
6.459300e-04
7.473800e-04
7.435200e-04
8.066400e-04
7.078800e-04
6.771800e-04
7.625200e-04
6.126100e-04
6.970900e-04
5.847500e-04
7.355700e-04
6.760400e-04
7.101300e-04
7.216400e-04
7.415800e-04
8.046500e-04
7.246000e-04
6.706400e-04
7.149700e-04
7.354500e-04
5.669600e-04
6.782000e-04
6.120900e-04
8.532300e-04
7.634300e-04
6.475300e-04
7.117000e-04
6.296100e-04
8.504400e-04
7.393000e-04
8.261000e-04
7.667900e-04
5.881700e-04
5.336100e-04
7.168500e-04
6.721100e-04
6.988200e-04
6.370300e-04
7.628900e-04
5.514900e-04
7.513300e-04
8.095100e-04
7.344000e-04
6.453800e-04
7.955900e-04
7.002900e-04
6.012000e-04
6.184800e-04
7.603600e-04
7.208800e-04
7.801900e-04
7.386400e-04
7.138400e-04
6.673500e-04
6.753400e-04
7.886700e-04
6.719900e-04
5.980500e-04
7.114500e-04
7.101000e-04
6.238500e-04
6.594000e-04
7.319100e-04
6.531300e-04
6.291600e-04
7.476500e-04
6.789500e-04
7.426500e-04
6.951200e-04
7.476200e-04
5.976100e-04
6.990800e-04
6.177500e-04
8.275600e-04
7.875800e-04
6.816800e-04
7.051900e-04
6.275100e-04
7.961500e-04
7.637700e-04
7.115700e-04
6.860200e-04
6.503600e-04
8.089200e-04
7.059300e-04
6.588800e-04
8.133700e-04
7.368600e-04
6.686100e-04
6.273300e-04
7.541100e-04
6.953700e-04
6.716500e-04
6.418200e-04
6.754900e-04
7.015600e-04
5.751000e-04
7.188700e-04
7.256800e-04
6.702600e-04
7.392000e-04
6.554500e-04
5.445200e-04
7.127000e-04
6.842900e-04
7.029200e-04
7.701300e-04
6.940800e-04
7.143200e-04
7.482400e-04
7.263300e-04
6.466600e-04
6.257300e-04
7.182300e-04
7.316100e-04
7.492100e-04
7.677400e-04
5.866100e-04
6.650700e-04
8.817700e-04
7.007800e-04
6.486400e-04
7.633900e-04
6.976800e-04
6.996300e-04
6.855700e-04
6.851300e-04
6.058200e-04
7.074300e-04
7.831000e-04
8.010400e-04
7.219700e-04
7.367500e-04
6.917300e-04
7.335300e-04
7.062700e-04
7.312300e-04
7.151900e-04
6.656900e-04
6.421100e-04
6.498100e-04
6.421100e-04
7.661200e-04
7.535600e-04
7.167000e-04
7.098400e-04
6.856300e-04
6.858300e-04
7.241800e-04
7.695400e-04
5.027900e-04
6.290800e-04
7.057000e-04
8.280300e-04
7.308800e-04
6.978200e-04
6.619400e-04
7.871400e-04
7.957700e-04
7.190500e-04
6.862200e-04
6.043700e-04
6.320500e-04
7.101500e-04
7.470700e-04
8.511300e-04
8.324700e-04
8.568800e-04
7.509100e-04
7.446100e-04
6.210300e-04
7.738000e-04
7.854400e-04
7.118200e-04
6.507700e-04
6.838800e-04
8.012700e-04
6.116100e-04
6.061000e-04
7.609800e-04
7.066800e-04
6.315000e-04
8.198000e-04
5.515300e-04
6.879300e-04
7.397200e-04
8.030300e-04
8.175300e-04
7.215900e-04
6.149100e-04
7.329500e-04
7.362100e-04
5.874100e-04
7.378100e-04
6.952100e-04
7.176100e-04
7.849300e-04
7.301300e-04
6.389300e-04
5.862500e-04
7.837400e-04
7.698900e-04
7.033100e-04
8.007700e-04
6.306100e-04
7.405000e-04
6.185600e-04
7.645200e-04
7.286200e-04
7.752800e-04
7.992800e-04
7.569500e-04
7.459800e-04
5.908100e-04
6.954700e-04
8.545900e-04
6.131100e-04
7.651200e-04
7.179200e-04
5.637300e-04
5.948400e-04
7.344300e-04
6.641900e-04
7.071000e-04
6.244000e-04
7.899500e-04
5.525300e-04
5.819800e-04
5.846300e-04
6.693700e-04
7.872600e-04
6.470000e-04
7.298000e-04
7.799200e-04
6.999200e-04
6.484700e-04
5.464100e-04
6.346600e-04
7.661700e-04
6.392800e-04
5.992900e-04
6.617000e-04
7.619000e-04
5.895100e-04
6.915000e-04
6.836000e-04
5.954200e-04
7.752800e-04
5.637100e-04
7.265500e-04
6.642100e-04
7.588000e-04
6.963200e-04
7.988400e-04
7.433900e-04
6.343900e-04
6.623400e-04
7.239900e-04
7.210500e-04
6.769500e-04
7.116600e-04
6.990100e-04
6.804800e-04
6.882900e-04
7.423800e-04
7.445400e-04
6.770500e-04
7.753000e-04
6.665200e-04
7.086800e-04
7.021100e-04
6.845800e-04
8.891700e-04
7.689900e-04
7.429300e-04
6.316100e-04
7.365800e-04
7.875600e-04
6.474600e-04
7.674600e-04
6.792500e-04
7.795800e-04
8.205200e-04
7.520400e-04
6.201600e-04
7.741900e-04
6.555500e-04
6.248300e-04
6.251800e-04
5.876700e-04
6.696000e-04
7.459600e-04
6.236900e-04
6.984200e-04
7.139800e-04
6.608000e-04
7.025100e-04
6.619300e-04
6.499700e-04
7.947100e-04
7.677200e-04
6.868200e-04
8.437900e-04
7.721300e-04
7.787100e-04
6.470800e-04
6.807100e-04
7.438900e-04
6.587200e-04
7.665100e-04
6.527700e-04
6.322400e-04
7.581100e-04
6.596200e-04
6.360500e-04
7.684500e-04
8.177000e-04
7.522100e-04
7.721500e-04
7.325100e-04
6.707400e-04
7.167300e-04
7.399000e-04
7.680900e-04
8.001200e-04
6.483600e-04
6.458000e-04
6.810700e-04
6.802500e-04
7.744400e-04
7.036000e-04
8.109100e-04
7.575700e-04
6.524900e-04
6.400800e-04
7.758600e-04
7.247600e-04
6.854500e-04
7.103800e-04
6.738600e-04
8.152800e-04
6.006100e-04
8.437100e-04
7.000900e-04
7.147200e-04
6.635400e-04
7.903200e-04
7.385900e-04
6.021100e-04
6.738000e-04
7.795500e-04
6.692000e-04
8.185200e-04
5.732600e-04
6.663100e-04
7.693900e-04
6.424600e-04
7.469400e-04
7.199500e-04
6.691900e-04
7.731700e-04
6.681400e-04
6.807600e-04
8.099600e-04
6.534300e-04
6.863700e-04
7.261600e-04
6.107400e-04
7.183600e-04
6.857700e-04
7.179700e-04
6.255400e-04
6.657800e-04
6.329600e-04
6.508900e-04
8.047600e-04
7.444800e-04
7.428500e-04
6.531900e-04
8.129700e-04
7.602200e-04
6.514400e-04
7.645900e-04
7.244500e-04
8.348500e-04
6.221200e-04
7.248000e-04
7.507500e-04
6.888600e-04
6.567900e-04
5.861000e-04
7.230700e-04
7.020200e-04
7.985200e-04
6.384000e-04
7.475700e-04
6.308700e-04
7.967600e-04
7.016600e-04
6.304500e-04
7.309600e-04
7.081000e-04
6.647900e-04
7.219000e-04
7.038200e-04
7.594300e-04
7.221600e-04
7.608400e-04
6.011800e-04
6.940100e-04
6.444800e-04
6.992800e-04
7.354800e-04
7.184200e-04
7.086500e-04
7.428900e-04
6.956300e-04
5.860200e-04
7.205000e-04
8.357700e-04
7.492100e-04
7.201800e-04
6.342700e-04
7.424400e-04
7.029200e-04
6.798700e-04
5.557800e-04
7.803700e-04
6.743200e-04
7.109800e-04
7.847100e-04
6.880100e-04
7.695700e-04
6.503800e-04
7.748700e-04
6.445300e-04
7.241900e-04
7.392600e-04
7.404900e-04
6.616600e-04
6.639500e-04
7.099800e-04
6.163500e-04
6.408400e-04
7.749600e-04
7.859200e-04
7.273100e-04
6.070000e-04
7.539100e-04
8.129100e-04
7.559200e-04
7.349500e-04
6.945500e-04
7.326500e-04
7.111500e-04
6.837300e-04
6.952100e-04
7.475600e-04
7.170700e-04
7.989200e-04
8.541000e-04
6.856000e-04
7.530300e-04
6.740100e-04
7.193600e-04
7.427100e-04
7.501700e-04
7.174200e-04
6.637800e-04
7.308300e-04
6.898900e-04
6.997500e-04
6.469800e-04
7.565800e-04
6.996800e-04
7.793400e-04
7.799400e-04
7.989800e-04
8.497300e-04
6.468100e-04
5.982200e-04
7.028800e-04
5.707500e-04
6.206700e-04
6.787900e-04
6.658300e-04
6.862800e-04
6.242900e-04
8.161000e-04
6.311700e-04
7.502600e-04
7.211500e-04
6.372100e-04
8.108900e-04
7.674400e-04
8.318100e-04
7.592900e-04
5.836600e-04
6.906300e-04
7.989700e-04
7.398900e-04
7.123900e-04
7.518200e-04
8.167400e-04
6.523100e-04
5.876100e-04
7.187000e-04
6.323600e-04
7.327300e-04
6.850900e-04
6.925400e-04
8.461400e-04
6.255400e-04
6.849800e-04
7.593700e-04
7.636600e-04
6.430700e-04
6.908400e-04
6.892600e-04
6.971200e-04
6.820700e-04
7.613900e-04
7.117200e-04
6.373400e-04
6.695100e-04
6.946500e-04
7.158100e-04
7.160900e-04
7.362200e-04
6.071700e-04
6.226200e-04
6.989000e-04
7.557100e-04
6.511800e-04
8.039600e-04
7.998500e-04
7.248100e-04
6.474100e-04
6.783200e-04
7.834700e-04
7.707300e-04
7.465100e-04
7.046900e-04
7.139300e-04
6.919900e-04
6.680800e-04
6.955400e-04
6.768500e-04
7.898900e-04
6.694300e-04
7.475300e-04
6.097800e-04
6.829200e-04
7.072600e-04
6.900000e-04
8.083100e-04
7.550600e-04
6.556400e-04
6.124600e-04
6.365000e-04
7.072800e-04
6.709700e-04
6.829300e-04
7.184500e-04
7.511600e-04
7.284200e-04
8.058500e-04
7.191600e-04
5.524900e-04
8.461700e-04
7.184200e-04
6.714600e-04
6.167900e-04
7.517000e-04
7.234300e-04
7.186900e-04
5.785000e-04
6.670700e-04
6.408000e-04
8.164600e-04
6.597000e-04
8.126300e-04
7.536200e-04
7.215500e-04
8.064300e-04
7.211400e-04
6.763700e-04
7.692100e-04
7.092000e-04
7.323200e-04
7.810400e-04
7.697900e-04
6.619000e-04
7.929700e-04
7.759500e-04
7.145400e-04
7.076800e-04
7.875800e-04
7.708400e-04
7.107000e-04
7.624100e-04
5.417900e-04
5.846200e-04
7.720000e-04
7.246100e-04
7.477800e-04
6.895000e-04
6.990400e-04
6.408400e-04
6.319100e-04
6.756700e-04
6.496700e-04
7.722100e-04
6.785000e-04
7.356800e-04
6.926200e-04
8.973000e-04
7.356500e-04
7.430900e-04
7.757600e-04
6.376700e-04
8.101400e-04
6.958100e-04
6.898600e-04
6.965800e-04
6.897600e-04
7.735500e-04
7.264100e-04
7.683400e-04
5.966800e-04
6.960300e-04
7.838500e-04
7.649400e-04
6.747600e-04
7.236400e-04
7.449600e-04
7.193000e-04
7.212400e-04
7.924500e-04
7.686400e-04
8.145700e-04
5.537600e-04
7.042500e-04
8.186000e-04
6.459300e-04
7.633200e-04
7.248500e-04
7.357900e-04
6.816800e-04
6.426600e-04
7.399400e-04
7.233300e-04
5.488700e-04
6.542600e-04
7.441700e-04
7.365200e-04
6.955100e-04
7.270900e-04
8.174200e-04
6.788400e-04
6.703900e-04
7.154400e-04
6.266200e-04
7.476400e-04
7.689000e-04
5.834600e-04
6.751200e-04
7.568300e-04
7.074900e-04
5.972800e-04
6.068800e-04
6.422800e-04
6.888800e-04
6.623900e-04
7.790600e-04
5.650300e-04
7.158500e-04
7.310500e-04
6.674800e-04
6.632400e-04
7.399200e-04
7.821700e-04
6.971200e-04
6.351300e-04
6.453000e-04
7.239400e-04
6.960000e-04
6.893300e-04
7.164400e-04
6.641300e-04
7.784800e-04
7.484900e-04
7.109700e-04
7.498000e-04
8.516400e-04
6.629000e-04
7.150400e-04
8.457300e-04
6.364700e-04
7.832400e-04
6.603100e-04
6.696800e-04
7.585500e-04
6.670500e-04
5.731000e-04
6.071900e-04
8.233100e-04
6.962100e-04
7.878500e-04
7.048600e-04
7.014200e-04
6.252200e-04
7.571200e-04
6.836000e-04
7.905500e-04
7.188800e-04
7.709400e-04
6.707900e-04
6.376700e-04
7.914500e-04
6.314500e-04
6.614900e-04
6.826100e-04
7.115000e-04
6.250100e-04
7.474500e-04
6.017100e-04
7.184400e-04
7.148200e-04
7.688500e-04
6.056200e-04
7.053600e-04
7.996100e-04
7.220100e-04
8.062100e-04
7.256500e-04
6.023300e-04
7.440400e-04
6.535700e-04
6.386800e-04
7.371200e-04
6.618400e-04
6.590800e-04
7.541300e-04
6.644200e-04
7.535200e-04
5.951300e-04
7.253800e-04
8.056800e-04
7.594700e-04
6.841300e-04
6.955200e-04
5.976300e-04
6.206500e-04
6.436200e-04
8.263100e-04
6.299100e-04
7.416700e-04
6.067400e-04
8.848600e-04
6.944400e-04
6.555200e-04
5.953500e-04
6.620200e-04
6.824900e-04
7.267800e-04
7.368200e-04
6.308500e-04
5.601400e-04
7.691400e-04
6.503000e-04
5.970800e-04
6.915100e-04
6.971300e-04
8.310000e-04
5.551200e-04
7.077800e-04
8.420100e-04
6.833700e-04
7.412600e-04
7.062700e-04
7.904300e-04
7.102100e-04
7.882800e-04
7.661200e-04
7.285200e-04
6.201600e-04
6.555700e-04
7.209600e-04
6.637100e-04
8.151900e-04
7.258500e-04
7.566900e-04
6.948100e-04
6.941300e-04
5.972600e-04
7.041700e-04
6.036200e-04
7.592400e-04
7.461100e-04
7.262300e-04
7.776800e-04
7.592200e-04
7.737600e-04
5.477400e-04
6.255000e-04
6.263100e-04
7.340400e-04
6.763800e-04
7.640500e-04
6.803400e-04
7.382300e-04
7.295700e-04
8.098300e-04
6.016600e-04
6.401700e-04
7.611600e-04
7.906100e-04
6.533900e-04
7.844100e-04
7.363100e-04
6.935300e-04
8.091500e-04
7.967400e-04
6.227000e-04
7.517100e-04
6.650800e-04
7.152500e-04
7.393500e-04
7.979500e-04
7.164900e-04
6.492700e-04
8.292900e-04
6.792800e-04
5.573200e-04
6.741200e-04
8.040500e-04
7.756500e-04
6.511300e-04
6.972600e-04
7.090600e-04
7.674300e-04
7.184700e-04
6.671800e-04
6.950200e-04
6.397000e-04
7.575100e-04
8.808900e-04
7.406300e-04
7.544400e-04
5.205200e-04
5.845400e-04
7.606200e-04
7.403700e-04
6.946600e-04
7.051700e-04
7.528500e-04
6.450400e-04
6.901200e-04
7.035000e-04
7.278100e-04
6.841100e-04
7.126000e-04
6.028400e-04
6.328300e-04
6.685000e-04
6.113700e-04
6.301500e-04
7.245000e-04
6.659100e-04
7.381200e-04
7.036800e-04
5.803400e-04
6.270600e-04
7.347800e-04
7.504000e-04
6.806400e-04
7.240800e-04
6.963200e-04
7.153300e-04
7.377900e-04
6.781400e-04
6.319300e-04
5.484600e-04
6.423800e-04
7.822800e-04
8.428300e-04
7.216900e-04
6.632400e-04
7.369200e-04
5.928100e-04
6.809200e-04
7.793300e-04
7.185200e-04
5.843500e-04
6.051900e-04
8.439900e-04
6.356500e-04
7.275000e-04
8.131500e-04
7.034900e-04
7.390000e-04
7.683000e-04
5.907200e-04
6.123300e-04
7.284200e-04
7.413100e-04
7.440700e-04
6.646400e-04
6.909400e-04
5.951200e-04
7.013400e-04
6.777800e-04
7.410900e-04
6.667900e-04
6.395200e-04
6.814500e-04
6.268200e-04
6.936800e-04
7.980000e-04
7.482200e-04
7.162400e-04
6.984900e-04
7.525100e-04
7.825800e-04
8.388300e-04
7.024000e-04
8.079100e-04
6.584800e-04
6.967700e-04
7.067800e-04
6.428900e-04
7.021800e-04
6.968300e-04
7.660200e-04
8.431800e-04
6.433200e-04
6.597000e-04
7.715400e-04
7.132000e-04
6.516200e-04
5.883300e-04
7.775500e-04
7.461900e-04
7.333800e-04
7.754900e-04
7.431100e-04
6.825100e-04
7.654800e-04
7.342800e-04
6.403300e-04
7.359800e-04
7.515800e-04
7.686700e-04
6.846800e-04
7.188800e-04
7.392000e-04
6.530600e-04
6.836000e-04
7.178400e-04
7.150300e-04
6.850500e-04
7.105700e-04
7.537200e-04
7.649900e-04
7.448200e-04
6.597200e-04
7.771900e-04
8.127700e-04
6.838900e-04
7.308800e-04
7.263400e-04
6.796000e-04
5.967600e-04
6.354200e-04
6.752700e-04
7.519500e-04
8.125900e-04
7.216400e-04
7.358800e-04
7.013200e-04
6.176500e-04
7.698400e-04
7.277100e-04
7.144900e-04
7.996200e-04
6.755600e-04
6.301500e-04
6.594900e-04
7.108300e-04
7.839800e-04
5.835200e-04
6.542600e-04
7.370100e-04
7.122100e-04
7.908200e-04
5.794700e-04
7.378400e-04
6.541400e-04
6.303900e-04
6.239900e-04
6.690400e-04
7.673500e-04
7.731100e-04
7.030200e-04
7.194200e-04
7.419800e-04
6.547100e-04
7.512500e-04
7.401800e-04
6.090300e-04
7.891500e-04
6.229600e-04
6.388900e-04
7.553100e-04
7.280800e-04
8.554700e-04
7.203600e-04
8.164300e-04
7.457400e-04
7.772100e-04
5.847700e-04
6.844900e-04
6.861500e-04
6.815400e-04
6.844300e-04
7.010500e-04
6.475000e-04
6.180900e-04
7.879100e-04
6.276100e-04
5.769200e-04
6.777600e-04
6.270400e-04
5.141000e-04
7.471100e-04
7.029000e-04
7.609500e-04
6.301700e-04
7.022800e-04
7.127900e-04
7.789700e-04
7.207800e-04
7.656000e-04
6.612800e-04
6.747800e-04
5.989500e-04
6.947200e-04
6.518400e-04
8.183900e-04
7.485300e-04
7.369700e-04
7.209400e-04
7.720300e-04
8.241600e-04
6.475100e-04
6.352100e-04
7.895100e-04
7.820800e-04
6.415100e-04
6.842400e-04
7.026900e-04
7.341300e-04
6.069600e-04
6.324800e-04
7.185500e-04
7.086800e-04
7.070200e-04
7.150500e-04
7.562500e-04
6.244400e-04
7.916300e-04
7.095700e-04
6.809200e-04
6.884800e-04
6.802500e-04
6.301400e-04
6.647700e-04
6.309900e-04
7.961700e-04
6.864000e-04
7.381100e-04
6.455800e-04
6.260600e-04
7.287900e-04
7.286400e-04
7.094800e-04
7.735000e-04
7.145000e-04
7.819100e-04
7.950300e-04
7.947700e-04
6.913700e-04
8.159100e-04
6.714200e-04
7.022000e-04
7.385800e-04
6.609700e-04
7.567300e-04
7.252700e-04
7.740500e-04
7.354800e-04
7.258800e-04
7.408700e-04
7.541500e-04
7.676500e-04
5.905800e-04
7.635900e-04
8.394900e-04
7.700100e-04
7.469600e-04
6.819300e-04
6.087300e-04
8.210200e-04
6.897300e-04
7.111700e-04
6.698400e-04
5.529100e-04
7.300000e-04
8.431300e-04
6.312300e-04
6.974600e-04
5.867000e-04
6.707800e-04
7.000600e-04
6.320300e-04
7.480800e-04
6.777100e-04
6.289800e-04
8.086000e-04
6.323700e-04
6.279700e-04
8.510100e-04
8.487500e-04
7.662300e-04
5.899700e-04
6.051400e-04
8.400600e-04
7.580400e-04
7.181600e-04
5.529000e-04
7.156900e-04
7.541100e-04
6.437500e-04
7.495700e-04
7.347600e-04
6.442000e-04
6.748900e-04
7.197900e-04
7.055900e-04
5.752000e-04
6.670200e-04
7.123600e-04
7.168500e-04
7.772100e-04
7.714200e-04
7.554500e-04
7.509100e-04
8.715500e-04
7.740000e-04
6.413200e-04
6.504300e-04
6.924200e-04
6.849000e-04
6.211800e-04
7.946300e-04
6.848800e-04
6.476000e-04
8.155200e-04
6.694400e-04
7.480000e-04
7.147400e-04
6.845400e-04
7.483900e-04
7.200600e-04
5.660500e-04
6.956000e-04
7.049300e-04
6.184300e-04
7.923700e-04
7.228800e-04
7.010800e-04
6.254200e-04
7.700200e-04
6.554000e-04
7.161900e-04
6.723600e-04
7.053600e-04
7.065700e-04
7.475600e-04
7.401800e-04
8.289400e-04
6.697900e-04
7.257000e-04
7.211400e-04
6.611500e-04
7.232100e-04
7.067900e-04
7.563400e-04
7.071000e-04
7.135200e-04
7.747600e-04
6.942600e-04
7.494700e-04
7.262000e-04
8.129200e-04
6.354400e-04
6.866400e-04
7.277000e-04
6.683700e-04
7.424000e-04
6.669000e-04
6.512700e-04
7.671600e-04
8.098300e-04
7.334600e-04
7.013000e-04
7.483700e-04
8.093500e-04
5.982700e-04
7.373500e-04
7.687700e-04
8.430700e-04
7.612400e-04
7.150000e-04
6.797000e-04
8.293000e-04
7.017900e-04
8.077500e-04
7.006200e-04
8.388100e-04
6.756900e-04
7.529200e-04
6.290400e-04
7.360300e-04
6.308800e-04
6.251200e-04
6.344600e-04
6.503600e-04
7.210600e-04
6.843800e-04
6.954500e-04
6.819800e-04
7.652800e-04
6.791700e-04
6.947100e-04
7.398700e-04
6.103000e-04
7.908500e-04
6.290400e-04
5.800500e-04
6.799700e-04
7.941100e-04
6.628000e-04
6.204000e-04
8.080100e-04
7.054200e-04
7.139500e-04
8.120500e-04
6.496200e-04
5.933300e-04
6.463300e-04
5.699900e-04
6.312700e-04
6.836300e-04
6.917600e-04
7.641000e-04
6.387800e-04
7.393200e-04
7.184200e-04
7.482500e-04
7.885200e-04
7.044700e-04
6.288900e-04
6.400700e-04
6.358000e-04
7.613300e-04
7.213300e-04
6.007700e-04
6.034500e-04
7.673800e-04
6.322700e-04
5.484900e-04
5.701300e-04
6.070300e-04
7.728500e-04
7.543500e-04
6.781000e-04
6.882500e-04
7.569000e-04
5.726000e-04
7.925800e-04
6.849200e-04
7.276300e-04
6.891300e-04
7.037200e-04
7.396900e-04
7.737000e-04
6.034100e-04
6.376100e-04
6.729000e-04
7.577200e-04
6.609800e-04
7.840900e-04
6.273300e-04
6.898800e-04
6.639100e-04
6.369800e-04
6.449000e-04
7.593600e-04
7.639700e-04
7.052100e-04
7.146400e-04
7.271400e-04
6.668800e-04
6.570700e-04
7.744700e-04
6.261400e-04
7.124000e-04
6.638900e-04
6.319000e-04
7.090100e-04
6.576900e-04
5.097200e-04
7.628200e-04
6.873600e-04
7.172000e-04
7.483600e-04
5.499200e-04
7.302400e-04
6.166500e-04
7.015100e-04
7.293700e-04
8.235900e-04
7.590600e-04
7.228000e-04
7.547900e-04
7.344200e-04
7.453300e-04
7.613700e-04
7.535200e-04
6.887200e-04
7.204500e-04
7.436100e-04
7.067600e-04
7.033200e-04
7.439600e-04
7.061300e-04
6.830700e-04
6.335900e-04
6.098000e-04
6.778100e-04
7.801000e-04
7.087400e-04
6.708700e-04
7.522200e-04
6.043000e-04
6.093800e-04
6.802200e-04
6.009800e-04
6.867000e-04
6.845400e-04
6.406500e-04
8.084600e-04
6.988500e-04
7.738800e-04
7.402000e-04
7.926700e-04
7.357300e-04
7.054700e-04
7.445000e-04
7.364800e-04
7.248900e-04
6.534700e-04
6.779300e-04
6.644200e-04
7.323100e-04
6.373600e-04
5.043500e-04
6.220700e-04
6.395900e-04
6.067000e-04
6.659600e-04
7.208000e-04
7.414200e-04
6.623900e-04
6.907100e-04
6.167300e-04
6.591900e-04
8.320200e-04
7.413600e-04
7.807700e-04
7.883600e-04
7.861800e-04
6.489700e-04
7.847300e-04
7.308600e-04
6.983800e-04
6.204600e-04
5.897200e-04
6.289300e-04
6.452300e-04
7.480200e-04
7.299600e-04
6.932900e-04
6.482600e-04
6.959800e-04
6.913000e-04
5.950600e-04
6.776100e-04
7.142600e-04
6.518900e-04
6.788600e-04
6.734500e-04
6.804900e-04
6.461400e-04
8.002500e-04
6.737600e-04
6.596300e-04
7.457900e-04
6.924300e-04
7.101900e-04
8.589100e-04
7.326200e-04
6.303400e-04
6.493300e-04
6.949800e-04
6.843400e-04
7.744400e-04
7.695800e-04
6.914000e-04
6.828700e-04
6.549700e-04
7.182700e-04
6.350600e-04
7.380400e-04
7.398900e-04
6.254300e-04
6.884200e-04
6.453800e-04
6.633400e-04
6.684300e-04
7.168400e-04
7.409600e-04
8.562200e-04
7.652000e-04
7.249200e-04
7.237100e-04
7.449600e-04
6.521900e-04
6.809200e-04
7.877600e-04
6.401000e-04
7.706600e-04
7.082200e-04
6.251300e-04
7.547000e-04
7.218200e-04
7.783000e-04
6.830300e-04
6.145200e-04
7.211000e-04
6.515200e-04
5.953600e-04
8.068500e-04
6.622200e-04
6.588700e-04
6.868500e-04
8.599800e-04
7.183300e-04
6.313000e-04
7.299800e-04
7.338100e-04
7.517500e-04
7.154000e-04
6.042100e-04
7.530000e-04
6.832600e-04
7.513200e-04
6.364500e-04
7.221900e-04
7.374200e-04
7.651000e-04
7.341500e-04
7.233900e-04
7.382100e-04
5.890400e-04
7.613300e-04
6.462100e-04
6.103900e-04
6.556500e-04
6.583800e-04
7.717200e-04
7.747200e-04
7.110000e-04
6.170200e-04
6.564900e-04
8.171100e-04
7.050800e-04
6.400100e-04
7.385300e-04
7.799200e-04
6.808000e-04
6.980400e-04
6.944100e-04
8.175600e-04
6.154300e-04
7.812900e-04
7.786000e-04
7.313800e-04
7.607800e-04
6.735800e-04
7.302000e-04
7.412000e-04
7.156600e-04
7.578500e-04
7.378400e-04
6.261600e-04
7.256600e-04
7.921800e-04
6.941400e-04
7.534200e-04
7.511700e-04
7.217900e-04
5.879800e-04
5.366500e-04
6.693500e-04
6.677100e-04
7.605500e-04
6.244700e-04
7.547900e-04
6.472600e-04
7.381100e-04
6.487200e-04
7.828300e-04
7.057800e-04
6.335200e-04
7.182900e-04
7.605300e-04
7.676500e-04
6.435200e-04
6.163700e-04
6.939300e-04
6.485300e-04
8.071600e-04
6.518100e-04
7.007400e-04
6.500600e-04
7.538000e-04
7.551600e-04
6.240700e-04
6.499400e-04
6.536500e-04
6.923500e-04
7.766000e-04
6.767200e-04
7.094400e-04
7.228300e-04
7.046800e-04
5.720800e-04
7.088000e-04
7.496400e-04
7.391200e-04
7.523400e-04
6.577500e-04
7.504300e-04
6.560100e-04
7.291300e-04
7.272400e-04
6.244000e-04
7.530300e-04
7.805800e-04
6.985900e-04
6.887400e-04
6.285400e-04
7.200800e-04
7.356800e-04
7.067000e-04
6.617300e-04
7.583600e-04
6.624700e-04
7.198600e-04
7.696900e-04
8.124500e-04
6.155700e-04
7.721100e-04
6.910500e-04
6.746300e-04
6.217000e-04
7.099500e-04
6.937100e-04
6.809400e-04
6.556400e-04
7.350600e-04
6.216700e-04
6.706300e-04
7.270200e-04
7.740500e-04
5.992800e-04
7.228500e-04
7.818100e-04
6.613000e-04
6.497400e-04
6.726300e-04
7.042200e-04
7.681100e-04
6.111800e-04
6.366000e-04
7.060900e-04
6.191100e-04
7.713900e-04
7.110700e-04
6.744400e-04
8.171200e-04
8.059500e-04
6.813900e-04
6.397500e-04
7.392800e-04
7.630500e-04
7.216200e-04
6.667700e-04
7.833500e-04
7.022900e-04
6.534600e-04
6.883900e-04
7.576500e-04
6.577100e-04
7.443700e-04
7.418600e-04
7.458300e-04
6.267100e-04
7.761100e-04
6.472800e-04
5.932900e-04
7.397300e-04
8.366300e-04
7.937300e-04
6.169600e-04
8.406000e-04
6.323600e-04
6.739400e-04
6.302900e-04
6.280000e-04
6.390300e-04
6.711100e-04
6.357600e-04
7.418200e-04
6.983600e-04
7.303900e-04
7.906300e-04
6.952700e-04
6.110600e-04
7.094700e-04
7.086400e-04
6.636400e-04
7.079600e-04
8.386200e-04
8.158300e-04
7.895200e-04
6.501300e-04
7.576500e-04
7.509400e-04
7.591400e-04
5.899300e-04
8.176200e-04
8.078500e-04
8.398700e-04
6.381400e-04
8.056700e-04
6.705200e-04
7.731900e-04
7.398100e-04
7.274600e-04
6.216700e-04
6.568900e-04
8.223700e-04
6.839600e-04
6.976900e-04
6.252300e-04
7.373600e-04
7.463800e-04
6.456800e-04
7.088400e-04
6.365600e-04
6.811100e-04
6.468200e-04
7.466100e-04
6.930300e-04
6.680500e-04
7.076700e-04
7.560300e-04
7.152900e-04
7.409400e-04
6.848500e-04
7.338000e-04
6.759200e-04
6.785500e-04
7.174400e-04
6.543900e-04
7.949300e-04
6.954700e-04
7.021400e-04
6.668300e-04
6.250300e-04
6.572300e-04
6.983800e-04
7.906300e-04
6.602100e-04
6.809500e-04
7.173500e-04
6.938700e-04
6.761500e-04
7.216600e-04
7.102900e-04
7.149700e-04
6.792200e-04
6.454000e-04
7.529100e-04
7.635200e-04
8.177400e-04
8.013300e-04
7.573800e-04
7.745400e-04
7.458000e-04
7.293400e-04
6.469500e-04
7.092500e-04
6.900700e-04
5.477400e-04
6.619400e-04
7.866400e-04
6.426400e-04
7.970200e-04
5.800000e-04
6.770800e-04
5.288400e-04
5.817300e-04
6.575500e-04
6.306600e-04
5.516400e-04
7.874900e-04
6.712300e-04
8.083100e-04
7.977400e-04
6.172300e-04
7.904600e-04
6.628000e-04
8.019800e-04
7.496600e-04
8.086400e-04
7.680000e-04
7.294300e-04
7.879100e-04
7.538100e-04
7.568100e-04
5.819300e-04
7.898200e-04
7.904500e-04
5.562700e-04
6.475000e-04
6.836700e-04
6.344500e-04
6.253500e-04
7.242100e-04
7.749400e-04
6.664300e-04
7.636400e-04
7.363500e-04
6.650000e-04
7.713700e-04
7.068300e-04
6.722300e-04
7.228500e-04
7.570300e-04
7.847300e-04
7.293400e-04
5.957300e-04
8.045100e-04
8.005800e-04
7.029500e-04
7.244600e-04
7.616400e-04
6.571600e-04
7.350800e-04
7.676800e-04
7.941500e-04
7.083000e-04
6.897300e-04
7.981500e-04
7.323600e-04
6.457100e-04
5.805700e-04
7.102700e-04
6.326800e-04
6.929000e-04
6.895700e-04
5.423500e-04
5.714900e-04
6.915700e-04
8.030600e-04
6.341600e-04
7.138600e-04
6.669900e-04
7.902600e-04
5.823500e-04
7.898100e-04
7.990800e-04
8.780900e-04
7.106900e-04
6.643000e-04
7.614500e-04
6.244800e-04
7.595400e-04
7.542700e-04
6.082100e-04
7.171700e-04
7.886600e-04
6.176600e-04
7.560400e-04
6.851500e-04
7.031700e-04
6.607800e-04
6.841500e-04
7.354500e-04
7.586500e-04
7.701900e-04
7.587200e-04
5.912300e-04
7.536900e-04
7.871500e-04
6.854800e-04
6.445400e-04
6.363600e-04
7.796000e-04
7.449400e-04
7.352900e-04
7.038400e-04
6.072700e-04
7.956000e-04
7.667600e-04
6.365200e-04
8.177700e-04
7.753700e-04
6.037900e-04
7.255500e-04
7.378600e-04
5.795800e-04
6.887000e-04
6.781500e-04
5.865900e-04
7.082500e-04
6.435500e-04
6.745300e-04
7.212000e-04
6.824600e-04
5.838100e-04
7.291200e-04
6.846800e-04
7.116900e-04
7.698500e-04
6.340100e-04
7.145400e-04
6.711900e-04
5.819200e-04
7.642400e-04
6.290600e-04
7.583100e-04
7.460400e-04
5.440500e-04
7.176600e-04
7.355100e-04
6.158600e-04
7.748100e-04
7.575000e-04
6.537200e-04
6.160400e-04
5.766600e-04
7.021700e-04
6.247700e-04
7.202700e-04
7.108100e-04
7.969300e-04
6.700700e-04
5.864400e-04
7.651000e-04
6.233600e-04
8.044600e-04
6.139200e-04
6.324800e-04
7.593900e-04
5.625400e-04
7.607800e-04
8.205700e-04
6.558400e-04
8.196600e-04
7.686500e-04
7.480000e-04
6.646700e-04
6.252300e-04
6.756900e-04
7.262800e-04
6.732300e-04
6.488800e-04
8.163300e-04
7.741300e-04
6.245400e-04
7.098100e-04
6.366500e-04
7.453300e-04
7.302600e-04
6.094300e-04
5.913700e-04
7.501400e-04
7.889100e-04
6.321100e-04
6.605600e-04
7.400000e-04
6.776400e-04
6.494600e-04
7.255200e-04
6.948700e-04
6.792700e-04
7.115100e-04
7.081700e-04
6.802500e-04
8.558100e-04
8.183200e-04
7.210500e-04
6.762000e-04
7.588400e-04
7.160000e-04
7.000700e-04
6.259300e-04
6.025700e-04
5.638800e-04
6.063900e-04
7.730500e-04
6.617100e-04
7.410200e-04
6.592100e-04
6.205700e-04
8.141000e-04
6.240600e-04
7.607000e-04
5.862300e-04
5.503600e-04
6.837100e-04
8.532700e-04
6.364000e-04
8.242900e-04
7.414900e-04
7.497100e-04
7.380000e-04
8.449400e-04
6.393400e-04
6.235700e-04
8.190600e-04
7.345600e-04
5.413700e-04
7.688400e-04
7.440000e-04
6.580500e-04
6.941300e-04
7.095300e-04
6.097200e-04
6.695200e-04
7.391300e-04
6.863400e-04
7.743600e-04
7.581700e-04
7.754000e-04
6.800800e-04
7.706400e-04
7.816500e-04
5.210700e-04
7.039300e-04
7.974600e-04
7.652800e-04
6.287900e-04
7.149700e-04
6.791800e-04
5.943300e-04
6.553800e-04
7.052000e-04
6.812200e-04
7.164900e-04
7.219500e-04
7.921300e-04
7.297300e-04
7.998000e-04
8.158000e-04
5.792400e-04
8.239300e-04
7.319100e-04
6.710400e-04
6.201500e-04
7.000600e-04
6.299400e-04
6.066100e-04
6.798400e-04
8.591400e-04
5.814300e-04
7.367100e-04
5.680100e-04
6.431900e-04
8.526800e-04
8.318500e-04
7.706900e-04
6.460400e-04
7.125300e-04
7.201300e-04
6.777300e-04
7.314200e-04
6.006100e-04
7.907900e-04
6.302100e-04
5.837500e-04
7.198200e-04
6.708400e-04
7.291400e-04
6.995300e-04
6.989200e-04
7.586200e-04
7.813200e-04
7.076300e-04
7.256900e-04
7.250600e-04
5.806300e-04
8.416500e-04
8.035400e-04
5.984100e-04
6.532300e-04
7.481800e-04
7.171500e-04
7.187500e-04
8.289100e-04
8.077500e-04
7.919600e-04
6.570200e-04
7.684300e-04
5.881400e-04
7.272600e-04
7.994700e-04
7.267800e-04
6.757200e-04
6.557600e-04
6.942000e-04
7.642500e-04
6.772600e-04
7.907300e-04
7.851400e-04
8.537900e-04
7.261300e-04
6.013600e-04
8.444200e-04
6.886900e-04
7.568100e-04
5.986100e-04
6.185700e-04
6.738300e-04
8.046800e-04
7.225400e-04
6.954600e-04
7.718500e-04
7.721300e-04
7.043000e-04
7.476000e-04
6.248800e-04
7.102200e-04
7.272400e-04
6.962100e-04
7.418600e-04
6.861300e-04
6.784000e-04
7.349400e-04
8.539900e-04
7.009400e-04
6.218000e-04
6.327000e-04
8.040200e-04
5.847300e-04
6.288600e-04
5.686800e-04
6.375900e-04
5.802000e-04
5.968200e-04
6.240400e-04
6.682300e-04
7.467400e-04
6.545100e-04
6.526600e-04
8.192900e-04
6.491400e-04
6.546100e-04
6.845200e-04
6.747200e-04
6.960500e-04
7.156400e-04
6.539600e-04
7.145200e-04
8.104800e-04
8.526300e-04
8.077300e-04
6.417600e-04
7.342400e-04
7.570700e-04
7.663400e-04
7.660900e-04
6.158100e-04
6.947400e-04
6.739900e-04
7.352600e-04
6.031800e-04
7.587600e-04
6.556500e-04
7.719700e-04
6.436900e-04
7.205100e-04
7.019500e-04
7.786600e-04
7.758000e-04
6.622400e-04
6.975200e-04
7.138100e-04
7.377800e-04
7.878200e-04
7.108800e-04
6.569200e-04
7.203200e-04
6.136200e-04
6.830900e-04
7.715700e-04
6.271300e-04
6.081500e-04
7.005200e-04
7.148400e-04
7.267500e-04
7.620100e-04
6.840900e-04
7.586600e-04
8.021400e-04
8.466600e-04
5.450500e-04
6.247600e-04
6.670200e-04
7.348500e-04
7.841600e-04
7.658300e-04
5.857800e-04
6.677300e-04
6.547900e-04
7.607500e-04
6.611000e-04
6.922200e-04
6.190000e-04
7.876600e-04
7.205200e-04
7.140800e-04
7.210300e-04
5.857800e-04
5.897200e-04
7.506600e-04
6.427500e-04
5.760600e-04
6.619200e-04
5.817900e-04
7.433900e-04
6.929600e-04
7.124800e-04
6.698700e-04
6.544500e-04
7.339800e-04
6.729700e-04
6.747400e-04
7.864100e-04
7.323800e-04
8.149800e-04
7.492000e-04
6.224200e-04
6.089300e-04
7.618000e-04
7.690900e-04
8.005400e-04
6.892200e-04
7.173100e-04
8.579000e-04
7.571100e-04
7.251500e-04
8.084800e-04
7.247200e-04
7.239200e-04
6.488100e-04
7.341300e-04
5.835100e-04
7.388800e-04
7.407300e-04
6.891700e-04
7.362700e-04
6.843400e-04
7.310000e-04
7.581800e-04
6.466100e-04
7.312500e-04
7.120600e-04
7.005200e-04
5.935600e-04
8.029300e-04
7.510700e-04
7.106400e-04
6.325900e-04
6.797300e-04
6.625300e-04
7.580900e-04
7.438400e-04
7.838500e-04
6.746800e-04
7.618000e-04
7.610100e-04
6.202000e-04
7.733800e-04
7.695400e-04
6.628700e-04
6.977100e-04
8.487700e-04
7.190000e-04
7.009700e-04
7.574700e-04
7.767700e-04
6.845600e-04
6.108500e-04
7.656200e-04
6.739600e-04
7.364400e-04
7.479600e-04
7.745800e-04
6.938200e-04
7.942700e-04
7.972500e-04
6.820900e-04
7.447700e-04
6.286600e-04
6.382800e-04
7.050400e-04
6.712300e-04
6.623100e-04
6.321400e-04
7.367100e-04
7.696000e-04
7.338800e-04
7.158900e-04
6.991400e-04
7.182000e-04
6.630600e-04
7.750900e-04
7.168100e-04
