1,6
2,4
3,8
4,4
5,7
6,4
7,5
8,10
9,4
10,6
11,4
12,7
13,5
14,13
15,5
16,5
17,6
18,4
19,7
20,4
21,7
22,5
23,4
24,10
25,4
26,5
27,6
28,6
29,4
30,6
31,4
32,9
33,9
34,5
35,4
36,6
37,6
38,4
39,7
40,6
41,4
42,5
43,9
44,4
45,7
46,4
47,6
48,4
49,19
50,4
51,5
52,5
53,6
54,6
55,4
56,6
57,4
58,11
59,5
60,5
61,6
62,4
63,10
64,4
65,5
66,6
67,5
68,12
69,4
70,6
71,4
72,8
73,4
74,5
75,7
76,4
77,8
78,5
79,5
80,6
81,7
82,5
83,5
84,5
85,14
86,5
87,6
88,5
89,4
90,9
91,4
92,6
93,4
94,8
95,4
96,9
97,4
98,6
99,6
100,5
101,5
102,10
103,4
104,5
105,7
106,4
107,5
108,12
109,5
110,4
111,9
112,4
113,6
114,4
115,8
116,4
117,5
118,9
119,4
120,5
121,9
122,4
123,6
124,4
125,7
126,5
127,5
128,4
129,15
130,5
131,7
132,4
133,5
134,9
135,4
136,5
137,7
138,4
139,5
140,10
141,4
142,7
143,4
144,5
145,9
146,4
147,7
148,5
149,4
150,6
151,7
152,5
153,4
154,11
155,5
156,5
157,6
158,5
159,6
160,6
161,6
162,6
163,6
164,6
165,6
166,7
167,5
168,6
169,6
170,5
171,7
172,6
173,5
174,6
175,6
176,6
177,6
178,6
179,6
180,6
181,6
182,7
183,5
184,6
185,7
186,7
187,6
188,6
189,6
190,5
191,7
192,6
193,6
194,5
195,7
196,5
197,6
198,7
199,5
200,7
201,6
202,6
203,6
204,6
205,6
206,6
207,6
208,6
209,5
210,6
211,6
212,6
213,7
214,6
215,5
216,6
217,6
218,5
219,7
220,5
221,6
222,6
223,6
224,6
225,5
226,6
227,6
228,6
229,6
230,6
231,6
232,6
233,6
234,6
235,7
236,5
237,6
238,5
239,7
240,6
241,5
242,6
243,6
244,6
245,6
246,6
247,6
248,6
249,6
250,6
251,6
252,6
253,6
254,6
255,5
256,6
257,6
258,6
259,6
260,6
261,5
262,6
263,6
264,6
265,6
266,6
267,6
268,6
269,6
270,6
271,5
272,6
273,6
274,6
275,6
276,6
277,6
278,6
279,6
280,6
281,6
282,6
283,6
284,6
285,6
286,6
287,6
288,6
289,6
290,6
291,6
292,6
293,6
294,5
295,6
296,6
297,6
298,6
299,6
300,6
301,6
302,6
303,6
304,6
305,6
306,6
307,6
308,6
309,6
310,6
311,6
312,6
313,6
314,7
315,6
316,5
317,6
318,6
319,4
320,5
321,6
322,6
323,7
324,6
325,5
326,6
327,7
328,5
329,6
330,7
331,6
332,7
333,5
334,6
335,5
336,7
337,6
338,6
339,6
340,6
341,6
342,6
343,6
344,6
345,6
346,7
347,5
348,6
349,6
350,5
351,6
352,6
353,7
354,5
355,6
356,6
357,6
358,6
359,7
360,6
361,5
362,7
363,5
364,6
365,6
366,6
367,6
368,6
369,6
370,6
371,7
372,6
373,6
374,6
375,6
376,5
377,6
378,7
379,5
380,6
381,7
382,5
383,7
384,6
385,6
386,6
387,6
388,6
389,6
390,6
391,6
392,6
393,6
394,6
395,5
396,6
397,6
398,6
399,6
400,6
401,6
402,6
403,6
404,6
405,6
406,7
407,5
408,6
409,6
410,6
411,6
412,6
413,6
414,6
415,6
416,6
417,6
418,7
419,6
420,7
421,5
422,6
423,6
424,6
425,6
426,6
427,6
428,7
429,6
430,6
431,6
432,7
433,6
434,6
435,6
436,6
437,6
438,6
439,6
440,6
441,6
442,6
443,6
444,6
445,6
446,6
447,6
448,6
449,7
450,6
451,6
452,6
453,6
454,7
455,6
456,6
457,6
458,6
459,6
460,6
461,6
462,5
463,6
464,6
465,6
466,6
467,6
468,6
469,6
470,6
471,6
472,6
473,5
474,6
475,7
476,6
477,5
478,6
479,5
480,6
481,5
482,6
483,6
484,6
485,6
486,6
487,6
488,6
489,5
490,6
491,5
492,7
493,6
494,6
495,6
496,6
497,6
498,6
499,6
500,6
501,6
502,6
503,6
504,6
505,5
506,7
507,5
508,6
509,7
510,6
511,6
512,6
513,7
514,6
515,6
516,6
517,5
518,6
519,6
520,6
521,6
522,6
523,6
524,6
525,6
526,6
527,5
528,7
529,6
530,5
531,7
532,6
533,6
534,7
535,6
536,5
537,6
538,6
539,6
540,6
541,6
542,6
543,6
544,7
545,5
546,6
547,6
548,6
549,6
550,6
551,6
552,6
553,7
554,6
555,6
556,6
557,6
558,6
559,6
560,6
561,6
562,6
563,6
564,6
565,6
566,5
567,7
568,5
569,6
570,6
571,6
572,6
573,7
574,6
575,6
576,6
577,5
578,6
579,5
580,7
581,6
582,6
583,6
584,6
585,6
586,6
587,6
588,5
589,6
590,6
591,6
592,6
593,6
594,6
595,6
596,6
597,6
598,6
599,7
600,5
601,6
602,6
603,6
604,6
605,6
606,6
607,6
608,6
609,6
610,6
611,6
612,6
613,5
614,7
615,6
616,6
617,6
618,6
619,7
620,5
621,6
622,7
623,6
624,6
625,6
626,6
627,6
628,6
629,6
630,6
631,7
632,6
633,6
634,6
635,5
636,7
637,5
638,8
639,6
640,6
641,6
642,6
643,6
644,6
645,6
646,6
647,6
648,6
649,7
650,6
651,6
652,6
653,6
654,6
655,6
656,6
657,6
658,6
659,6
660,6
661,6
662,6
663,6
664,6
665,6
666,7
667,5
668,6
669,6
670,6
671,6
672,5
673,6
674,6
675,7
676,6
677,6
678,6
679,6
680,6
681,6
682,6
683,6
684,7
685,5
686,6
687,6
688,6
689,6
690,6
691,5
692,6
693,6
694,5
695,6
696,7
697,6
698,7
699,6
700,6
701,6
702,6
703,6
704,6
705,6
706,6
707,6
708,6
709,6
710,6
711,7
712,5
713,6
714,6
715,6
716,6
717,6
718,6
719,6
720,6
721,6
722,6
723,6
724,6
725,7
726,6
727,7
728,6
729,7
730,5
731,6
732,5
733,6
734,6
735,6
736,7
737,6
738,6
739,6
740,6
741,6
742,6
743,6
744,6
745,5
746,7
747,6
748,6
749,6
750,6
751,6
752,6
753,6
754,6
755,6
756,6
757,6
758,5
759,7
760,6
761,5
762,6
763,7
764,6
765,5
766,6
767,6
768,5
769,6
770,6
771,5
772,7
773,6
774,6
775,6
776,6
777,5
778,7
779,5
780,6
781,6
782,7
783,6
784,6
785,6
786,6
787,6
788,6
789,6
790,6
791,5
792,7
793,5
794,6
795,6
796,5
797,9
798,6
799,5
800,7
801,5
802,7
803,6
804,6
805,6
806,5
807,6
808,5
809,7
810,6
811,6
812,6
813,6
814,6
815,6
816,5
817,7
818,6
819,6
820,5
821,7
822,6
823,6
824,6
825,6
826,6
827,6
828,6
829,6
830,6
831,7
832,5
833,6
834,6
835,6
836,5
837,7
838,6
839,6
840,7
841,5
842,7
843,6
844,6
845,6
846,7
847,6
848,6
849,6
850,7
851,6
852,6
853,6
854,6
855,6
856,5
857,6
858,6
859,5
860,6
861,6
862,6
863,6
864,6
865,6
866,6
867,6
868,6
869,6
870,6
871,5
872,7
873,6
874,6
875,6
876,5
877,7
878,6
879,6
880,6
881,6
882,6
883,6
884,6
885,5
886,6
887,6
888,5
889,6
890,6
891,6
892,6
893,6
894,6
895,6
896,6
897,6
898,6
899,6
900,6
901,6
902,6
903,6
904,6
905,5
906,6
907,6
908,6
909,6
910,6
911,6
912,6
913,6
914,6
915,6
916,6
917,6
918,6
919,6
920,7
921,6
922,5
923,7
924,7
925,6
926,6
927,6
928,6
929,7
930,6
931,5
932,6
933,6
934,6
935,6
936,7
937,5
938,6
939,7
940,5
941,6
942,5
943,6
944,6
945,6
946,6
947,6
948,6
949,6
950,5
951,6
952,7
953,6
954,7
955,6
956,5
957,4
958,6
959,7
960,6
961,6
962,5
963,6
964,7
965,6
966,7
967,5
968,6
969,6
970,6
971,6
972,6
973,6
974,6
975,6
976,6
977,6
978,6
979,6
980,6
981,6
982,6
983,6
984,6
985,6
986,6
987,6
988,6
989,6
990,6
991,6
992,6
993,5
994,7
995,6
996,6
997,6
998,5
999,5
1000,7
1001,5
1002,6
1003,6
1004,5
1005,6
1006,5
1007,6
1008,7
1009,6
1010,6
1011,6
1012,6
1013,6
1014,6
1015,7
1016,5
1017,6
1018,7
1019,6
1020,6
1021,6
1022,6
1023,6
1024,6
1025,6
1026,7
1027,6
1028,6
1029,6
1030,6
1031,6
1032,6
1033,6
1034,6
1035,6
1036,6
1037,6
1038,6
1039,6
1040,6
1041,6
1042,6
1043,7
1044,6
1045,6
1046,6
1047,6
1048,6
1049,7
1050,6
1051,6
1052,6
1053,6
1054,6
1055,5
1056,7
1057,6
1058,6
1059,6
1060,6
1061,6
1062,7
1063,6
1064,5
1065,7
1066,6
1067,6
1068,6
1069,6
1070,6
1071,6
1072,6
1073,6
1074,6
1075,6
1076,6
1077,6
1078,6
1079,6
1080,6
1081,6
1082,5
1083,6
1084,6
1085,6
1086,6
1087,6
1088,5
1089,7
1090,5
1091,6
1092,6
1093,6
1094,6
1095,6
1096,6
1097,6
1098,7
1099,5
1100,7
1101,6
1102,6
1103,6
1104,6
1105,6
1106,6
1107,7
1108,7
1109,5
1110,6
1111,6
1112,5
1113,6
1114,6
1115,6
1116,6
1117,5
1118,6
1119,6
1120,6
1121,6
1122,6
1123,6
1124,6
1125,6
1126,6
1127,6
1128,6
1129,6
1130,6
1131,6
1132,7
1133,5
1134,6
1135,6
1136,6
1137,6
1138,6
1139,6
1140,6
1141,6
1142,6
1143,5
1144,6
1145,6
1146,6
1147,6
1148,6
1149,6
1150,6
1151,7
1152,5
1153,6
1154,6
1155,6
1156,7
1157,7
1158,5
1159,6
1160,6
1161,6
1162,6
1163,7
1164,6
1165,6
1166,5
1167,6
1168,6
1169,6
1170,6
1171,6
1172,6
1173,6
1174,6
1175,6
1176,6
1177,6
1178,6
1179,6
1180,6
1181,5
1182,6
1183,6
1184,5
1185,6
1186,6
1187,6
1188,6
1189,6
1190,6
1191,6
1192,6
1193,6
1194,6
1195,6
1196,6
1197,6
1198,6
1199,6
1200,6
1201,6
1202,5
1203,7
1204,5
1205,6
1206,6
1207,6
1208,6
1209,6
1210,6
1211,6
1212,6
1213,7
1214,5
1215,6
1216,6
1217,6
1218,6
1219,6
1220,6
1221,6
1222,7
1223,6
1224,5
1225,6
1226,6
1227,6
1228,7
1229,6
1230,6
1231,6
1232,6
1233,7
1234,5
1235,7
1236,6
1237,5
1238,7
1239,6
1240,6
1241,6
1242,7
1243,6
1244,6
1245,6
1246,6
1247,6
1248,7
1249,6
1250,6
1251,6
1252,6
1253,6
1254,6
1255,6
1256,7
1257,6
1258,6
1259,6
1260,6
1261,6
1262,5
1263,6
1264,6
1265,6
1266,6
1267,5
1268,6
1269,6
1270,6
1271,6
1272,6
1273,4
1274,6
1275,6
1276,7
1277,6
1278,6
1279,6
1280,6
1281,6
1282,6
1283,6
1284,6
1285,7
1286,5
1287,6
1288,6
1289,6
1290,6
1291,7
1292,6
1293,6
1294,6
1295,6
1296,6
1297,5
1298,6
1299,7
1300,6
1301,7
1302,6
1303,6
1304,5
1305,7
1306,6
1307,6
1308,6
1309,7
1310,6
1311,6
1312,6
1313,6
1314,6
1315,5
1316,7
1317,6
1318,6
1319,6
1320,6
1321,5
1322,6
1323,6
1324,6
1325,6
1326,6
1327,6
1328,6
1329,6
1330,6
1331,6
1332,6
1333,6
1334,6
1335,6
1336,6
1337,6
1338,7
1339,7
1340,6
1341,6
1342,6
1343,6
1344,6
1345,6
1346,6
1347,6
1348,6
1349,6
1350,6
1351,5
1352,7
1353,5
1354,7
1355,6
1356,5
1357,7
1358,6
1359,6
1360,6
1361,7
1362,6
1363,6
1364,6
1365,6
1366,6
1367,6
1368,6
1369,6
1370,6
1371,6
1372,6
1373,6
1374,7
1375,5
1376,6
1377,6
1378,6
1379,6
1380,6
1381,7
1382,6
1383,6
1384,5
1385,5
1386,6
1387,6
1388,6
1389,6
1390,5
1391,6
1392,6
1393,6
1394,6
1395,6
1396,6
1397,6
1398,6
1399,5
1400,5
1401,6
1402,6
1403,6
1404,7
1405,5
1406,6
1407,6
1408,6
1409,6
1410,6
1411,6
1412,6
1413,6
1414,6
1415,5
1416,7
1417,6
1418,6
1419,6
1420,7
1421,6
1422,6
1423,6
1424,6
1425,6
1426,7
1427,5
1428,6
1429,6
1430,5
1431,8
1432,6
1433,5
1434,6
1435,6
1436,6
1437,6
1438,6
1439,6
1440,7
1441,6
1442,5
1443,6
1444,6
1445,6
1446,6
1447,5
1448,7
1449,5
1450,6
1451,6
1452,6
1453,7
1454,6
1455,6
1456,6
1457,6
1458,5
1459,6
1460,6
1461,7
1462,6
1463,5
1464,6
1465,6
1466,6
1467,5
1468,6
1469,6
1470,6
1471,6
1472,6
1473,5
1474,7
1475,6
1476,6
1477,7
1478,6
1479,6
1480,7
1481,6
1482,6
1483,7
1484,6
1485,6
1486,6
1487,5
1488,7
1489,6
1490,6
1491,6
1492,6
1493,6
1494,6
1495,6
1496,6
1497,5
1498,6
1499,5
1500,7
1501,6
1502,6
1503,6
1504,5
1505,7
1506,5
1507,6
1508,6
1509,6
1510,7
1511,5
1512,7
1513,6
1514,5
1515,7
1516,6
1517,5
1518,6
1519,6
1520,6
1521,6
1522,5
1523,6
1524,6
1525,6
1526,6
1527,6
1528,6
1529,6
1530,6
1531,6
1532,6
1533,6
1534,6
1535,6
1536,6
1537,6
1538,5
1539,6
1540,5
1541,6
1542,6
1543,6
1544,7
1545,6
1546,6
1547,6
1548,6
1549,6
1550,6
1551,6
1552,6
1553,6
1554,5
1555,6
1556,6
1557,6
1558,6
1559,7
1560,6
1561,6
1562,6
1563,6
1564,6
1565,6
1566,6
1567,6
1568,6
1569,6
1570,6
1571,6
1572,6
1573,6
1574,6
1575,5
1576,5
1577,6
1578,6
1579,6
1580,6
1581,6
1582,6
1583,6
1584,6
1585,6
1586,6
1587,6
1588,7
1589,6
1590,7
1591,6
1592,7
1593,6
1594,6
1595,7
1596,6
1597,6
1598,6
1599,6
1600,6
1601,5
1602,6
1603,7
1604,6
1605,6
1606,6
1607,7
1608,6
1609,6
1610,6
1611,6
1612,6
1613,6
1614,6
1615,6
1616,6
1617,6
1618,6
1619,6
1620,6
1621,5
1622,7
1623,6
1624,6
1625,6
1626,6
1627,6
1628,6
1629,6
1630,6
1631,6
1632,6
1633,6
1634,5
1635,6
1636,6
1637,6
1638,5
1639,6
1640,6
1641,6
1642,5
1643,6
1644,6
1645,6
1646,6
1647,6
1648,6
1649,6
1650,5
1651,6
1652,6
1653,6
1654,6
1655,6
1656,5
1657,7
1658,6
1659,7
1660,5
1661,6
1662,6
1663,6
1664,7
1665,6
1666,6
1667,7
1668,6
1669,6
1670,6
1671,6
1672,5
1673,6
1674,7
1675,6
1676,6
1677,6
1678,6
1679,6
1680,6
1681,6
1682,6
1683,7
1684,6
1685,6
1686,6
1687,6
1688,6
1689,6
1690,6
1691,6
1692,6
1693,6
1694,6
1695,6
1696,6
1697,7
1698,5
1699,7
1700,6
1701,6
1702,6
1703,6
1704,6
1705,6
1706,7
1707,6
1708,6
1709,6
1710,6
1711,7
1712,6
1713,6
1714,6
1715,6
1716,6
1717,6
1718,6
1719,6
1720,6
1721,6
1722,6
1723,6
1724,6
1725,6
1726,6
1727,6
1728,6
1729,6
1730,5
1731,6
1732,7
1733,7
1734,6
1735,6
1736,6
1737,6
1738,6
1739,6
1740,6
1741,6
1742,6
1743,6
1744,6
1745,5
1746,6
1747,5
1748,5
1749,6
1750,6
1751,6
1752,5
1753,6
1754,6
1755,6
1756,6
1757,6
1758,6
1759,6
1760,6
1761,5
1762,6
1763,6
1764,5
1765,6
1766,6
1767,6
1768,6
1769,6
1770,6
1771,5
1772,6
1773,7
1774,5
1775,7
1776,6
1777,6
1778,6
1779,6
1780,6
1781,6
1782,6
1783,7
1784,6
1785,6
1786,6
1787,6
1788,6
1789,6
1790,6
1791,7
1792,6
1793,6
1794,6
1795,6
1796,7
1797,5
1798,6
1799,6
1800,6
1801,5
1802,6
1803,7
1804,6
1805,7
1806,6
1807,7
1808,6
1809,6
1810,6
1811,6
1812,7
1813,5
1814,6
1815,5
1816,7
1817,6
1818,6
1819,6
1820,6
1821,5
1822,6
1823,7
1824,5
1825,6
1826,6
1827,6
1828,6
1829,7
1830,6
1831,5
1832,7
1833,5
1834,6
1835,6
1836,6
1837,6
1838,6
1839,6
1840,5
1841,6
1842,6
1843,6
1844,6
1845,6
1846,6
1847,6
1848,6
1849,6
1850,5
1851,6
1852,6
1853,6
1854,6
1855,7
1856,6
1857,6
1858,6
1859,6
1860,6
1861,6
1862,6
1863,5
1864,6
1865,5
1866,7
1867,6
1868,5
1869,6
1870,6
1871,6
1872,6
1873,6
1874,6
1875,6
1876,6
1877,6
1878,6
1879,6
1880,6
1881,6
1882,6
1883,6
1884,6
1885,6
1886,6
1887,6
1888,7
1889,5
1890,6
1891,6
1892,6
1893,6
1894,6
1895,6
1896,6
1897,6
1898,6
1899,6
1900,6
1901,6
1902,6
1903,6
1904,5
1905,5
1906,6
1907,5
1908,6
1909,6
1910,7
1911,6
1912,6
1913,6
1914,7
1915,5
1916,6
1917,6
1918,6
1919,7
1920,6
1921,6
1922,6
1923,6
1924,7
1925,5
1926,6
1927,6
1928,6
1929,6
1930,6
1931,7
1932,5
1933,6
1934,6
1935,6
1936,6
1937,6
1938,5
1939,6
1940,6
1941,6
1942,6
1943,6
1944,6
1945,6
1946,6
1947,6
1948,6
1949,6
1950,6
1951,6
1952,6
1953,6
1954,6
1955,7
1956,7
1957,6
1958,6
1959,6
1960,5
1961,6
1962,5
1963,6
1964,6
1965,6
1966,6
1967,6
1968,6
1969,6
1970,6
1971,7
1972,5
1973,6
1974,6
1975,6
1976,6
1977,7
1978,5
1979,6
1980,6
1981,6
1982,5
1983,7
1984,6
1985,6
1986,5
1987,6
1988,7
1989,5
1990,7
1991,5
1992,6
1993,6
1994,6
1995,6
1996,6
1997,6
1998,6
1999,6
2000,6
2001,6
2002,6
2003,6
2004,7
2005,6
2006,6
2007,7
2008,5
2009,7
2010,6
2011,6
2012,5
2013,6
2014,6
2015,6
2016,6
2017,6
2018,6
2019,6
2020,7
2021,6
2022,6
2023,6
2024,6
2025,6
2026,6
2027,6
2028,6
2029,6
2030,6
2031,5
2032,7
2033,6
2034,6
2035,6
2036,6
2037,6
2038,6
2039,6
2040,6
2041,6
2042,6
2043,6
2044,6
2045,6
2046,6
2047,7
2048,6
2049,6
2050,6
2051,6
2052,5
2053,7
2054,6
2055,6
2056,5
2057,6
2058,6
2059,6
2060,6
2061,5
2062,9
2063,6
2064,7
2065,5
2066,6
2067,6
2068,6
2069,6
2070,6
2071,5
2072,7
2073,6
2074,6
2075,6
2076,6
2077,6
2078,6
2079,6
2080,6
2081,6
2082,6
2083,7
2084,6
2085,6
2086,6
2087,6
2088,6
2089,5
2090,7
2091,6
2092,6
2093,6
2094,6
2095,7
2096,5
2097,6
2098,6
2099,6
2100,6
2101,5
2102,7
2103,6
2104,6
2105,6
2106,6
2107,6
2108,6
2109,6
2110,6
2111,6
2112,6
2113,5
2114,6
2115,6
2116,6
2117,6
2118,7
2119,5
2120,7
2121,7
2122,5
2123,6
2124,6
2125,6
2126,7
2127,6
2128,6
2129,6
2130,6
2131,6
2132,6
2133,6
2134,6
2135,5
2136,7
2137,5
2138,6
2139,7
2140,5
2141,7
2142,5
2143,7
2144,5
2145,6
2146,6
2147,6
2148,7
2149,6
2150,7
2151,6
2152,6
2153,6
2154,6
2155,6
2156,6
2157,6
2158,6
2159,6
2160,5
2161,5
2162,6
2163,7
2164,6
2165,6
2166,5
2167,7
2168,6
2169,6
2170,6
2171,6
2172,5
2173,6
2174,6
2175,6
2176,6
2177,6
2178,6
2179,6
2180,6
2181,7
2182,6
2183,6
2184,6
2185,6
2186,6
2187,7
2188,6
2189,6
2190,6
2191,6
2192,6
2193,6
2194,6
2195,6
2196,5
2197,7
2198,6
2199,6
2200,6
2201,6
2202,6
2203,5
2204,5
2205,6
2206,6
2207,7
2208,5
2209,7
2210,5
2211,6
2212,7
2213,7
2214,7
2215,6
2216,6
2217,6
2218,8
2219,4
2220,7
2221,5
2222,7
2223,6
2224,6
2225,6
2226,5
2227,7
2228,6
2229,6
2230,6
2231,6
2232,6
2233,6
2234,6
2235,6
2236,6
2237,6
2238,6
2239,5
2240,6
2241,6
2242,6
2243,6
2244,5
2245,6
2246,7
2247,6
2248,6
2249,6
2250,6
2251,6
2252,6
2253,6
2254,6
2255,6
2256,6
2257,6
2258,6
2259,7
2260,5
2261,5
2262,6
2263,6
2264,6
2265,6
2266,6
2267,6
2268,6
2269,6
2270,6
2271,7
2272,5
2273,6
2274,7
2275,5
2276,6
2277,6
2278,6
2279,5
2280,6
2281,6
2282,6
2283,6
2284,5
2285,6
2286,6
2287,6
2288,6
2289,6
2290,6
2291,6
2292,6
2293,7
2294,6
2295,7
2296,6
2297,6
2298,6
2299,6
2300,6
2301,6
2302,6
2303,6
2304,6
2305,6
2306,6
2307,6
2308,5
2309,6
2310,6
2311,6
2312,6
2313,6
2314,6
2315,6
2316,7
2317,6
2318,6
2319,7
2320,6
2321,6
2322,6
2323,5
2324,7
2325,7
2326,5
2327,6
2328,6
2329,6
2330,6
2331,7
2332,6
2333,6
2334,6
2335,6
2336,6
2337,6
2338,6
2339,5
2340,6
2341,6
2342,6
2343,6
2344,6
2345,6
2346,5
2347,6
2348,6
2349,5
2350,6
2351,6
2352,6
2353,7
2354,6
2355,6
2356,6
2357,5
2358,6
2359,7
2360,6
2361,6
2362,6
2363,7
2364,6
2365,6
2366,6
2367,5
2368,6
2369,6
2370,6
2371,6
2372,6
2373,5
2374,5
2375,6
2376,6
2377,6
2378,5
2379,6
2380,6
2381,6
2382,6
2383,6
2384,6
2385,6
2386,6
2387,6
2388,5
2389,7
2390,6
2391,6
2392,6
2393,6
2394,7
2395,6
2396,6
2397,6
2398,6
2399,6
2400,6
2401,6
2402,6
2403,6
2404,6
2405,6
2406,5
2407,7
2408,6
2409,5
2410,7
2411,6
2412,7
2413,5
2414,6
2415,6
2416,6
2417,6
2418,7
2419,6
2420,6
2421,6
2422,6
2423,7
2424,6
2425,6
2426,6
2427,5
2428,6
2429,6
2430,6
2431,6
2432,5
2433,6
2434,6
2435,6
2436,6
2437,6
2438,6
2439,6
2440,6
2441,6
2442,6
2443,6
2444,6
2445,6
2446,6
2447,6
2448,6
2449,6
2450,6
2451,5
2452,6
2453,6
2454,5
2455,6
2456,6
2457,6
2458,6
2459,6
2460,6
2461,6
2462,6
2463,6
2464,5
2465,7
2466,6
2467,6
2468,5
2469,7
2470,6
2471,6
2472,6
2473,5
2474,6
2475,6
2476,6
2477,6
2478,6
2479,6
2480,6
2481,5
2482,6
2483,6
2484,6
2485,6
2486,6
2487,6
2488,6
2489,6
2490,6
2491,6
2492,6
2493,6
2494,6
2495,6
2496,6
2497,6
2498,7
2499,6
2500,6
2501,6
2502,6
2503,6
2504,6
2505,6
2506,7
2507,6
2508,6
2509,6
2510,6
2511,6
2512,5
2513,8
2514,5
2515,7
2516,6
2517,5
2518,6
2519,6
2520,6
2521,6
2522,6
2523,6
2524,6
2525,7
2526,6
2527,6
2528,6
2529,5
2530,6
2531,6
2532,7
2533,6
2534,6
2535,6
2536,4
2537,6
2538,6
2539,6
2540,5
2541,7
2542,6
2543,6
2544,6
2545,5
2546,7
2547,7
2548,5
2549,6
2550,6
2551,6
2552,5
2553,6
2554,5
2555,6
2556,6
2557,6
2558,7
2559,5
2560,6
2561,7
2562,6
2563,5
2564,6
2565,7
2566,5
2567,6
2568,6
2569,6
2570,5
2571,6
2572,6
2573,6
2574,6
2575,6
2576,6
2577,6
2578,6
2579,6
2580,6
2581,6
2582,5
2583,5
2584,6
2585,6
2586,7
2587,6
2588,6
2589,6
2590,6
2591,7
2592,6
2593,6
2594,6
2595,6
2596,6
2597,6
2598,6
2599,7
2600,6
2601,6
2602,6
2603,6
2604,6
2605,6
2606,6
2607,6
2608,6
2609,7
2610,5
2611,6
2612,7
2613,6
2614,7
2615,5
2616,6
2617,7
2618,6
2619,6
2620,6
2621,6
2622,6
2623,5
2624,6
2625,7
2626,6
2627,6
2628,6
2629,5
2630,6
2631,6
2632,6
2633,6
2634,5
2635,7
2636,5
2637,6
2638,6
2639,6
2640,6
2641,6
2642,6
2643,6
2644,6
2645,6
2646,6
2647,6
2648,6
2649,6
2650,5
2651,7
2652,6
2653,6
2654,6
2655,5
2656,6
2657,6
2658,6
2659,6
2660,7
2661,6
2662,6
2663,6
2664,5
2665,6
2666,6
2667,7
2668,5
2669,6
2670,5
2671,6
2672,6
2673,6
2674,6
2675,6
2676,6
2677,6
2678,6
2679,6
2680,6
2681,6
2682,6
2683,6
2684,5
2685,6
2686,7
2687,6
2688,6
2689,5
2690,6
2691,6
2692,5
2693,6
2694,9
2695,6
2696,6
2697,6
2698,6
2699,6
2700,5
2701,6
2702,6
2703,7
2704,5
2705,6
2706,5
2707,7
2708,5
2709,6
2710,7
2711,6
2712,6
2713,7
2714,5
2715,6
2716,6
2717,7
2718,5
2719,6
2720,7
2721,7
2722,5
2723,6
2724,7
2725,6
2726,6
2727,7
2728,6
2729,6
2730,7
2731,5
2732,6
2733,6
2734,6
2735,6
2736,6
2737,6
2738,6
2739,6
2740,7
2741,6
2742,6
2743,6
2744,6
2745,6
2746,6
2747,6
2748,6
2749,6
2750,6
2751,6
2752,6
2753,7
2754,6
2755,6
2756,6
2757,6
2758,6
2759,5
2760,7
2761,6
2762,6
2763,6
2764,6
2765,6
2766,6
2767,6
2768,6
2769,6
2770,6
2771,6
2772,5
2773,6
2774,6
2775,6
2776,5
2777,6
2778,6
2779,6
2780,6
2781,7
2782,6
2783,6
2784,5
2785,6
2786,6
2787,6
2788,7
2789,6
2790,6
2791,6
2792,7
2793,6
2794,7
2795,6
2796,6
2797,6
2798,6
2799,6
2800,6
2801,6
2802,6
2803,6
2804,6
2805,6
2806,6
2807,6
2808,6
2809,6
2810,6
2811,6
2812,6
2813,6
2814,6
2815,5
2816,6
2817,5
2818,6
2819,6
2820,5
2821,6
2822,6
2823,7
2824,6
2825,6
2826,5
2827,7
2828,6
2829,6
2830,7
2831,6
2832,6
2833,6
2834,6
2835,6
2836,6
2837,6
2838,6
2839,6
2840,5
2841,6
2842,6
2843,6
2844,7
2845,5
2846,6
2847,7
2848,7
2849,6
2850,6
2851,7
2852,5
2853,4
2854,6
2855,6
2856,6
2857,7
2858,7
2859,5
2860,6
2861,6
2862,5
2863,6
2864,6
2865,7
2866,6
2867,6
2868,5
2869,6
2870,6
2871,6
2872,6
2873,6
2874,6
2875,6
2876,6
2877,7
2878,5
2879,5
2880,6
2881,6
2882,6
2883,5
2884,7
2885,5
2886,6
2887,5
2888,6
2889,6
2890,6
2891,6
2892,6
2893,6
2894,6
2895,6
2896,6
2897,6
2898,6
2899,6
2900,6
2901,6
2902,6
2903,6
2904,5
2905,6
2906,6
2907,6
2908,6
2909,6
2910,6
2911,6
2912,6
2913,5
2914,6
2915,6
2916,5
2917,6
2918,7
2919,5
2920,6
2921,5
2922,7
2923,6
2924,6
2925,6
2926,6
2927,6
2928,6
2929,6
2930,6
2931,6
2932,6
2933,6
2934,7
2935,6
2936,6
2937,6
2938,6
2939,6
2940,6
2941,6
2942,6
2943,6
2944,6
2945,6
2946,6
2947,6
2948,6
2949,6
2950,6
2951,5
2952,6
2953,6
2954,6
2955,6
2956,6
2957,7
2958,5
2959,7
2960,6
2961,6
2962,6
2963,6
2964,6
2965,6
2966,6
2967,6
2968,6
2969,6
2970,6
2971,6
2972,7
2973,6
2974,7
2975,6
2976,6
2977,7
2978,6
2979,6
2980,5
2981,6
2982,6
2983,6
2984,6
2985,6
2986,6
2987,5
2988,6
2989,6
2990,6
2991,6
2992,7
2993,5
2994,6
2995,6
2996,6
2997,7
2998,6
2999,6
3000,6
3001,6
3002,6
3003,7
3004,5
3005,5
3006,6
3007,6
3008,6
3009,6
3010,7
3011,5
3012,6
3013,6
3014,6
3015,5
3016,7
3017,6
3018,6
3019,7
3020,6
3021,6
3022,6
3023,6
3024,5
3025,7
3026,6
3027,7
3028,6
3029,6
3030,6
3031,6
3032,6
3033,5
3034,6
3035,6
3036,7
3037,6
3038,6
3039,6
3040,6
3041,6
3042,6
3043,6
3044,7
3045,6
3046,6
3047,6
3048,6
3049,6
3050,6
3051,6
3052,6
3053,6
3054,6
3055,6
3056,6
3057,6
3058,6
3059,6
3060,6
3061,6
3062,6
3063,6
3064,6
3065,6
3066,6
3067,5
3068,6
3069,6
3070,6
3071,7
3072,7
3073,6
3074,6
3075,6
3076,5
3077,7
3078,6
3079,6
3080,6
3081,6
3082,5
3083,6
3084,6
3085,7
3086,6
3087,6
3088,7
3089,5
3090,6
3091,6
3092,6
3093,6
3094,6
3095,5
3096,7
3097,6
3098,6
3099,7
3100,6
3101,6
3102,6
3103,6
3104,6
3105,6
3106,6
3107,6
3108,6
3109,6
3110,6
3111,6
3112,6
3113,6
3114,6
3115,6
3116,6
3117,5
3118,6
3119,6
3120,6
3121,6
3122,6
3123,6
3124,6
3125,6
3126,6
3127,6
3128,6
3129,6
3130,6
3131,6
3132,6
3133,6
3134,5
3135,6
3136,6
3137,6
3138,6
3139,6
3140,7
3141,6
3142,6
3143,6
3144,6
3145,6
3146,6
3147,7
3148,6
3149,6
3150,5
3151,6
3152,6
3153,6
3154,6
3155,6
3156,6
3157,6
3158,6
3159,6
3160,6
3161,6
3162,5
3163,6
3164,7
3165,6
3166,6
3167,6
3168,5
3169,9
3170,6
3171,6
3172,6
3173,6
3174,5
3175,6
3176,6
3177,6
3178,6
3179,6
3180,6
3181,6
3182,6
3183,6
3184,6
3185,6
3186,6
3187,6
3188,6
3189,6
3190,6
3191,6
3192,6
3193,6
3194,5
3195,6
3196,6
3197,6
3198,7
3199,5
3200,6
3201,6
3202,7
3203,5
3204,6
3205,6
3206,6
3207,6
3208,6
3209,6
3210,6
3211,6
3212,6
3213,6
3214,6
3215,6
3216,6
3217,6
3218,6
3219,7
3220,6
3221,6
3222,6
3223,6
3224,6
3225,6
3226,6
3227,6
3228,6
3229,5
3230,6
3231,7
3232,5
3233,6
3234,6
3235,6
3236,5
3237,6
3238,6
3239,7
3240,6
3241,6
3242,6
3243,5
3244,6
3245,6
3246,6
3247,6
3248,6
3249,6
3250,7
3251,6
3252,6
3253,6
3254,6
3255,6
3256,6
3257,5
3258,7
3259,6
3260,6
3261,6
3262,6
3263,6
3264,6
3265,6
3266,6
3267,6
3268,5
3269,7
3270,5
3271,6
3272,6
3273,5
3274,7
3275,6
3276,6
3277,6
3278,6
3279,6
3280,6
3281,6
3282,6
3283,6
3284,6
3285,6
3286,6
3287,6
3288,6
3289,6
3290,6
3291,5
3292,8
3293,5
3294,6
3295,6
3296,6
3297,6
3298,6
3299,6
3300,6
3301,6
3302,6
3303,6
3304,6
3305,6
3306,6
3307,5
3308,6
3309,7
3310,7
3311,6
3312,6
3313,6
3314,6
3315,6
3316,6
3317,6
3318,6
3319,6
3320,6
3321,6
3322,6
3323,6
3324,6
3325,5
3326,7
3327,5
3328,5
3329,6
3330,5
3331,7
3332,6
3333,6
3334,6
3335,6
3336,6
3337,6
3338,6
3339,6
3340,6
3341,6
3342,6
3343,6
3344,6
3345,6
3346,6
3347,6
3348,6
3349,5
3350,7
3351,6
3352,6
3353,7
3354,6
3355,6
3356,5
3357,6
3358,7
3359,6
3360,6
3361,5
3362,7
3363,6
3364,6
3365,6
3366,7
3367,6
3368,6
3369,6
3370,7
3371,5
3372,6
3373,6
3374,7
3375,5
3376,7
3377,5
3378,5
3379,7
3380,6
3381,6
3382,6
3383,7
3384,6
3385,6
3386,6
3387,6
3388,6
3389,6
3390,5
3391,6
3392,7
3393,7
3394,6
3395,6
3396,6
3397,6
3398,5
3399,6
3400,6
3401,6
3402,6
3403,6
3404,6
3405,6
3406,6
3407,6
3408,6
3409,5
3410,6
3411,6
3412,5
3413,6
3414,6
3415,6
3416,6
3417,6
3418,5
3419,6
3420,6
3421,6
3422,6
3423,6
3424,6
3425,6
3426,6
3427,6
3428,7
3429,6
3430,6
3431,6
3432,6
3433,6
3434,6
3435,6
3436,6
3437,5
3438,7
3439,6
3440,7
3441,5
3442,6
3443,6
3444,6
3445,6
3446,6
3447,6
3448,6
3449,6
3450,6
3451,7
3452,6
3453,6
3454,6
3455,6
3456,6
3457,5
3458,7
3459,5
3460,6
3461,6
3462,6
3463,6
3464,6
3465,6
3466,6
3467,6
3468,6
3469,5
3470,6
3471,6
3472,6
3473,6
3474,6
3475,6
3476,5
3477,6
3478,6
3479,6
3480,6
3481,7
3482,6
3483,6
3484,6
3485,6
3486,5
3487,4
3488,6
3489,6
3490,6
3491,6
3492,6
3493,6
3494,6
3495,6
3496,6
3497,6
3498,6
3499,7
3500,6
3501,6
3502,5
3503,7
3504,5
3505,6
3506,6
3507,6
3508,7
3509,6
3510,6
3511,6
3512,6
3513,5
3514,7
3515,6
3516,7
3517,6
3518,5
3519,6
3520,6
3521,6
3522,6
3523,6
3524,6
3525,6
3526,5
3527,6
3528,7
3529,5
3530,6
3531,6
3532,7
3533,5
3534,6
3535,7
3536,5
3537,7
3538,6
3539,6
3540,6
3541,6
3542,6
3543,5
3544,7
3545,6
3546,6
3547,6
3548,5
3549,6
3550,7
3551,6
3552,5
3553,6
3554,6
3555,6
3556,6
3557,7
3558,6
3559,6
3560,6
3561,6
3562,6
3563,6
3564,6
3565,6
3566,7
3567,6
3568,6
3569,6
3570,6
3571,6
3572,6
3573,6
3574,6
3575,6
3576,6
3577,5
3578,7
3579,6
3580,6
3581,6
3582,6
3583,7
3584,6
3585,6
3586,6
3587,6
3588,5
3589,6
3590,7
3591,6
3592,6
3593,6
3594,6
3595,6
3596,7
3597,6
3598,5
3599,5
3600,7
3601,6
3602,6
3603,6
3604,6
3605,6
3606,6
3607,6
3608,6
3609,6
3610,5
3611,6
3612,6
3613,6
3614,6
3615,6
3616,7
3617,5
3618,6
3619,7
3620,6
3621,6
3622,6
3623,6
3624,6
3625,6
3626,6
3627,6
3628,6
3629,6
3630,6
3631,6
3632,6
3633,6
3634,7
3635,6
3636,6
3637,6
3638,6
3639,5
3640,6
3641,6
3642,6
3643,6
3644,5
3645,6
3646,6
3647,7
3648,6
3649,6
3650,7
3651,6
3652,6
3653,5
3654,6
3655,6
3656,5
3657,6
3658,6
3659,6
3660,7
3661,5
3662,6
3663,6
3664,6
3665,6
3666,5
3667,6
3668,6
3669,6
3670,6
3671,6
3672,6
3673,7
3674,5
3675,6
3676,6
3677,7
3678,6
3679,6
3680,6
3681,6
3682,6
3683,6
3684,6
3685,6
3686,5
3687,6
3688,6
3689,5
3690,7
3691,6
3692,6
3693,5
3694,5
3695,7
3696,5
3697,6
3698,6
3699,6
3700,6
3701,6
3702,6
3703,6
3704,5
3705,7
3706,7
3707,6
3708,6
3709,6
3710,6
3711,7
3712,5
3713,6
3714,6
3715,6
3716,6
3717,6
3718,6
3719,6
3720,6
3721,6
3722,6
3723,6
3724,7
3725,5
3726,5
3727,6
3728,6
3729,6
3730,7
3731,6
3732,5
3733,7
3734,6
3735,6
3736,6
3737,6
3738,6
3739,7
3740,5
3741,6
3742,6
3743,5
3744,6
3745,6
3746,6
3747,6
3748,7
3749,5
3750,6
3751,6
3752,6
3753,6
3754,6
3755,6
3756,6
3757,6
3758,7
3759,5
3760,6
3761,6
3762,5
3763,7
3764,6
3765,6
3766,6
3767,6
3768,6
3769,6
3770,6
3771,6
3772,6
3773,6
3774,6
3775,5
3776,7
3777,6
3778,6
3779,5
3780,6
3781,7
3782,6
3783,6
3784,6
3785,6
3786,6
3787,6
3788,6
3789,6
3790,6
3791,7
3792,5
3793,6
3794,6
3795,6
3796,6
3797,6
3798,6
3799,7
3800,5
3801,6
3802,6
3803,6
3804,8
3805,9
3806,6
3807,6
3808,6
3809,6
3810,6
3811,5
3812,7
3813,6
3814,6
3815,6
3816,6
3817,6
3818,6
3819,6
3820,6
3821,7
3822,6
3823,7
3824,6
3825,6
3826,6
3827,6
3828,6
3829,7
3830,6
3831,6
3832,5
3833,7
3834,5
3835,6
3836,6
3837,6
3838,6
3839,6
3840,6
3841,6
3842,6
3843,6
3844,6
3845,6
3846,7
3847,6
3848,6
3849,6
3850,6
3851,6
3852,7
3853,7
3854,5
3855,7
3856,6
3857,6
3858,6
3859,6
3860,6
3861,6
3862,6
3863,5
3864,6
3865,6
3866,6
3867,6
3868,6
3869,6
3870,6
3871,6
3872,6
3873,6
3874,6
3875,6
3876,6
3877,7
3878,5
3879,6
3880,6
3881,6
3882,5
3883,6
3884,7
3885,6
3886,6
3887,6
3888,6
3889,6
3890,6
3891,6
3892,6
3893,6
3894,6
3895,6
3896,7
3897,5
3898,7
3899,6
3900,5
3901,6
3902,7
3903,5
3904,6
3905,7
3906,5
3907,6
3908,6
3909,6
3910,6
3911,6
3912,6
3913,6
3914,6
3915,6
3916,6
3917,6
3918,6
3919,6
3920,7
3921,5
3922,6
3923,6
3924,5
3925,7
3926,6
3927,6
3928,6
3929,6
3930,6
3931,6
3932,6
3933,7
3934,5
3935,6
3936,6
3937,6
3938,5
3939,6
3940,6
3941,6
3942,6
3943,6
3944,6
3945,6
3946,6
3947,6
3948,6
3949,6
3950,5
3951,7
3952,6
3953,6
3954,6
3955,7
3956,5
3957,6
3958,6
3959,7
3960,5
3961,6
3962,5
3963,4
3964,5
3965,6
3966,5
3967,7
3968,6
3969,6
3970,7
3971,6
3972,6
3973,6
3974,6
3975,6
3976,6
3977,6
3978,6
3979,5
3980,6
3981,5
3982,6
3983,7
3984,6
3985,6
3986,6
3987,5
3988,5
3989,7
3990,5
3991,6
3992,6
3993,6
3994,6
3995,5
3996,7
3997,6
3998,6
3999,6
4000,6
4001,6
4002,6
4003,6
4004,6
4005,6
4006,6
4007,5
4008,6
4009,6
4010,6
4011,5
4012,6
4013,6
4014,7
4015,5
4016,6
4017,6
4018,6
4019,6
4020,6
4021,5
4022,7
4023,7
4024,5
4025,7
4026,6
4027,6
4028,5
4029,7
4030,5
4031,6
4032,6
4033,6
4034,6
4035,6
4036,5
4037,6
4038,6
4039,7
4040,6
4041,6
4042,6
4043,6
4044,6
4045,6
4046,6
4047,6
4048,6
4049,6
4050,6
4051,6
4052,6
4053,6
4054,6
4055,5
4056,6
4057,6
4058,5
4059,7
4060,7
4061,5
4062,6
4063,7
4064,6
4065,6
4066,6
4067,6
4068,6
4069,6
4070,6
4071,6
4072,6
4073,6
4074,6
4075,6
4076,6
4077,6
4078,6
4079,6
4080,7
4081,6
4082,6
4083,6
4084,6
4085,6
4086,6
4087,6
4088,6
4089,6
4090,6
4091,6
4092,5
4093,7
4094,6
4095,6
4096,7
4097,7
4098,6
4099,5
4100,7
4101,6
4102,6
4103,6
4104,6
4105,6
4106,6
4107,6
4108,7
4109,6
4110,6
4111,6
4112,5
4113,7
4114,5
4115,6
4116,6
4117,6
4118,7
4119,6
4120,6
4121,5
4122,7
4123,6
4124,6
4125,6
4126,6
4127,5
4128,6
4129,6
4130,6
4131,6
4132,6
4133,6
4134,6
4135,6
4136,6
4137,6
4138,6
4139,7
4140,6
4141,6
4142,6
4143,5
4144,6
4145,6
4146,6
4147,7
4148,6
4149,6
4150,6
4151,6
4152,7
4153,6
4154,6
4155,6
4156,6
4157,5
4158,7
4159,5
4160,7
4161,6
4162,6
4163,6
4164,6
4165,6
4166,7
4167,6
4168,7
4169,5
4170,7
4171,5
4172,6
4173,6
4174,6
4175,6
4176,6
4177,6
4178,6
4179,6
4180,7
4181,5
4182,5
4183,6
4184,6
4185,6
4186,7
4187,5
4188,6
4189,6
4190,7
4191,5
4192,6
4193,7
4194,6
4195,6
4196,6
4197,6
4198,6
4199,6
4200,6
4201,6
4202,5
4203,7
4204,6
4205,6
4206,6
4207,6
4208,6
4209,6
4210,6
4211,6
4212,6
4213,7
4214,5
4215,7
4216,7
4217,5
4218,6
4219,6
4220,6
4221,6
4222,6
4223,6
4224,5
4225,7
4226,6
4227,6
4228,6
4229,6
4230,6
4231,6
4232,6
4233,6
4234,6
4235,7
4236,6
4237,5
4238,6
4239,6
4240,6
4241,6
4242,6
4243,6
4244,6
4245,6
4246,6
4247,6
4248,6
4249,6
4250,6
4251,7
4252,7
4253,5
4254,6
4255,6
4256,5
4257,6
4258,6
4259,6
4260,6
4261,6
4262,5
4263,7
4264,6
4265,5
4266,6
4267,6
4268,6
4269,6
4270,6
4271,6
4272,6
4273,6
4274,6
4275,7
4276,6
4277,6
4278,5
4279,6
4280,6
4281,5
4282,4
4283,6
4284,7
4285,6
4286,6
4287,6
4288,6
4289,5
4290,6
4291,6
4292,6
4293,6
4294,6
4295,6
4296,7
4297,6
4298,6
4299,6
4300,6
4301,6
4302,6
4303,6
4304,6
4305,7
4306,5
4307,5
4308,6
4309,6
4310,6
4311,6
4312,5
4313,6
4314,6
4315,6
4316,6
4317,6
4318,6
4319,6
4320,6
4321,6
4322,6
4323,6
4324,6
4325,5
4326,7
4327,5
4328,6
4329,7
4330,5
4331,7
4332,5
4333,7
4334,6
4335,6
4336,6
4337,6
4338,6
4339,6
4340,5
4341,7
4342,6
4343,6
4344,6
4345,6
4346,6
4347,6
4348,6
4349,6
4350,6
4351,7
4352,5
4353,6
4354,6
4355,6
4356,6
4357,6
4358,6
4359,6
4360,6
4361,6
4362,6
4363,6
4364,6
4365,6
4366,6
4367,6
4368,6
4369,6
4370,6
4371,6
4372,6
4373,6
4374,5
4375,5
4376,7
4377,6
4378,5
4379,6
4380,6
4381,6
4382,6
4383,7
4384,5
4385,7
4386,5
4387,6
4388,6
4389,6
4390,6
4391,6
4392,6
4393,5
4394,6
4395,6
4396,6
4397,7
4398,5
4399,6
4400,6
4401,6
4402,6
4403,6
4404,6
4405,6
4406,6
4407,6
4408,6
4409,6
4410,5
4411,6
4412,6
4413,6
4414,6
4415,6
4416,6
4417,6
4418,6
4419,6
4420,6
4421,6
4422,6
4423,6
4424,7
4425,6
4426,5
4427,6
4428,5
4429,6
4430,6
4431,7
4432,6
4433,5
4434,6
4435,6
4436,6
4437,6
4438,6
4439,6
4440,10
4441,6
4442,6
4443,6
4444,6
4445,6
4446,6
4447,5
4448,7
4449,6
4450,6
4451,6
4452,6
4453,6
4454,6
4455,5
4456,6
4457,5
4458,6
4459,6
4460,6
4461,6
4462,6
4463,6
4464,6
4465,6
4466,6
4467,6
4468,6
4469,6
4470,7
4471,6
4472,7
4473,6
4474,6
4475,6
4476,6
4477,6
4478,6
4479,6
4480,5
4481,6
4482,6
4483,6
4484,6
4485,7
4486,5
4487,6
4488,6
4489,5
4490,6
4491,6
4492,6
4493,6
4494,6
4495,6
4496,6
4497,6
4498,6
4499,6
4500,6
4501,6
4502,6
4503,6
4504,6
4505,6
4506,6
4507,6
4508,6
4509,6
4510,6
4511,5
4512,6
4513,6
4514,6
4515,6
4516,6
4517,6
4518,6
4519,6
4520,6
4521,7
4522,6
4523,6
4524,5
4525,7
4526,6
4527,6
4528,6
4529,5
4530,6
4531,6
4532,6
4533,6
4534,6
4535,6
4536,7
4537,6
4538,5
4539,7
4540,6
4541,7
4542,5
4543,6
4544,6
4545,5
4546,6
4547,6
4548,6
4549,7
4550,6
4551,6
4552,6
4553,6
4554,7
4555,6
4556,5
4557,7
4558,5
4559,6
4560,6
4561,6
4562,6
4563,6
4564,5
4565,6
4566,6
4567,6
4568,6
4569,6
4570,6
4571,6
4572,6
4573,6
4574,6
4575,6
4576,7
4577,5
4578,6
4579,6
4580,6
4581,6
4582,6
4583,6
4584,5
4585,6
4586,6
4587,7
4588,5
4589,7
4590,6
4591,6
4592,6
4593,6
4594,7
4595,5
4596,6
4597,6
4598,6
4599,7
4600,6
4601,5
4602,4
4603,6
4604,6
4605,6
4606,7
4607,5
4608,7
4609,7
4610,6
4611,6
4612,6
4613,6
4614,6
4615,6
4616,6
4617,6
4618,7
4619,5
4620,7
4621,6
4622,6
4623,7
4624,5
4625,6
4626,6
4627,7
4628,5
4629,6
4630,6
4631,6
4632,5
4633,6
4634,6
4635,6
4636,6
4637,6
4638,6
4639,6
4640,7
4641,5
4642,6
4643,6
4644,6
4645,6
4646,6
4647,6
4648,7
4649,6
4650,6
4651,6
4652,6
4653,6
4654,6
4655,6
4656,6
4657,6
4658,7
4659,6
4660,6
4661,6
4662,6
4663,6
4664,6
4665,6
4666,6
4667,6
4668,6
4669,7
4670,6
4671,6
4672,7
4673,6
4674,6
4675,5
4676,6
4677,6
4678,6
4679,6
4680,5
4681,6
4682,5
4683,7
4684,6
4685,5
4686,6
4687,6
4688,7
4689,6
4690,6
4691,6
4692,6
4693,6
4694,6
4695,6
4696,6
4697,6
4698,6
4699,5
4700,6
4701,7
4702,6
4703,6
4704,7
4705,6
4706,6
4707,6
4708,5
4709,6
4710,6
4711,6
4712,6
4713,5
4714,6
4715,6
4716,6
4717,7
4718,6
4719,6
4720,6
4721,6
4722,7
4723,6
4724,7
4725,5
4726,7
4727,6
4728,6
4729,6
4730,6
4731,6
4732,5
4733,6
4734,6
4735,6
4736,6
4737,6
4738,7
4739,6
4740,6
4741,6
4742,7
4743,6
4744,6
4745,6
4746,6
4747,7
4748,5
4749,6
4750,6
4751,6
4752,5
4753,7
4754,6
4755,6
4756,6
4757,5
4758,5
4759,9
4760,6
4761,6
4762,6
4763,5
4764,7
4765,5
4766,5
4767,6
4768,6
4769,7
4770,6
4771,6
4772,6
4773,6
4774,6
4775,6
4776,6
4777,6
4778,6
4779,6
4780,6
4781,5
4782,7
4783,6
4784,6
4785,6
4786,7
4787,6
4788,6
4789,6
4790,6
4791,6
4792,6
4793,6
4794,6
4795,6
4796,6
4797,6
4798,7
4799,6
4800,6
4801,6
4802,6
4803,6
4804,6
4805,6
4806,6
4807,6
4808,6
4809,6
4810,6
4811,6
4812,5
4813,6
4814,6
4815,5
4816,7
4817,6
4818,6
4819,6
4820,6
4821,6
4822,6
4823,6
4824,6
4825,6
4826,6
4827,5
4828,6
4829,6
4830,6
4831,6
4832,7
4833,6
4834,6
4835,6
4836,7
4837,5
4838,7
4839,6
4840,6
4841,6
4842,6
4843,7
4844,6
4845,6
4846,6
4847,6
4848,6
4849,6
4850,6
4851,6
4852,6
4853,6
4854,6
4855,6
4856,6
4857,6
4858,6
4859,6
4860,6
4861,6
4862,5
4863,6
4864,6
4865,7
4866,6
4867,6
4868,6
4869,7
4870,6
4871,6
4872,6
4873,5
4874,6
4875,6
4876,6
4877,6
4878,6
4879,6
4880,5
4881,7
4882,6
4883,5
4884,6
4885,6
4886,6
4887,6
4888,6
4889,8
4890,5
4891,7
4892,6
4893,5
4894,6
4895,6
4896,6
4897,6
4898,6
4899,5
4900,6
4901,6
4902,6
4903,6
4904,6
4905,5
4906,7
4907,6
4908,6
4909,7
4910,6
4911,6
4912,5
4913,6
4914,6
4915,6
4916,7
4917,5
4918,5
4919,6
4920,6
4921,6
4922,6
4923,6
4924,6
4925,5
4926,6
4927,6
4928,6
4929,6
4930,6
4931,6
4932,6
4933,6
4934,6
4935,6
4936,6
4937,6
4938,6
4939,6
4940,6
4941,6
4942,6
4943,6
4944,5
4945,6
4946,6
4947,6
4948,6
4949,6
4950,6
4951,6
4952,6
4953,6
4954,6
4955,6
4956,5
4957,6
4958,6
4959,6
4960,6
4961,6
4962,6
4963,6
4964,6
4965,6
4966,6
4967,6
4968,6
4969,7
4970,7
4971,6
4972,6
4973,6
4974,5
4975,6
4976,6
4977,6
4978,6
4979,6
4980,5
4981,7
4982,6
4983,5
4984,6
4985,7
4986,6
4987,6
4988,6
4989,6
4990,6
4991,6
4992,6
4993,6
4994,6
4995,6
4996,6
4997,6
4998,6
4999,6
5000,6
5001,6
5002,6
5003,5
5004,6
5005,6
5006,6
5007,6
5008,6
5009,6
5010,6
5011,6
5012,6
5013,6
5014,6
5015,6
5016,6
5017,6
5018,6
5019,6
5020,6
5021,6
5022,6
5023,5
5024,6
5025,7
5026,5
5027,6
5028,6
5029,6
5030,6
5031,6
5032,7
5033,6
5034,5
5035,7
5036,6
5037,6
5038,6
5039,6
5040,5
5041,6
5042,7
5043,6
5044,6
5045,6
5046,6
5047,5
5048,6
5049,5
5050,7
5051,6
5052,6
5053,6
5054,5
5055,6
5056,6
5057,7
5058,6
5059,6
5060,6
5061,6
5062,6
5063,6
5064,5
5065,6
5066,6
5067,5
5068,6
5069,6
5070,7
5071,6
5072,6
5073,5
5074,15
5075,5
5076,5
5077,6
5078,6
5079,6
5080,7
5081,6
5082,5
5083,7
5084,5
5085,7
5086,6
5087,6
5088,6
5089,6
5090,6
5091,5
5092,7
5093,5
5094,6
5095,6
5096,6
5097,6
5098,6
5099,6
5100,6
5101,6
5102,6
5103,6
5104,6
5105,6
5106,6
5107,6
5108,6
5109,6
5110,5
5111,7
5112,5
5113,7
5114,6
5115,6
5116,6
5117,6
5118,6
5119,7
5120,5
5121,6
5122,6
5123,6
5124,6
5125,5
5126,6
5127,5
5128,6
5129,5
5130,5
5131,6
5132,7
5133,6
5134,6
5135,6
5136,6
5137,6
5138,6
5139,6
5140,6
5141,7
5142,5
5143,6
5144,6
5145,7
5146,6
5147,5
5148,6
5149,6
5150,6
5151,6
5152,5
5153,6
5154,6
5155,6
5156,5
5157,5
5158,13
5159,5
5160,5
5161,7
5162,6
5163,6
5164,6
5165,6
5166,6
5167,6
5168,6
5169,6
5170,6
5171,6
5172,5
5173,5
5174,6
5175,5
5176,6
5177,5
5178,7
5179,6
5180,7
5181,7
5182,5
5183,6
5184,6
5185,6
5186,5
5187,6
5188,6
5189,5
5190,6
5191,6
5192,6
5193,5
5194,6
5195,6
5196,5
5197,6
5198,7
5199,4
5200,6
5201,5
5202,6
5203,5
5204,6
5205,6
5206,6
5207,5
5208,5
5209,6
5210,5
5211,4
5212,7
5213,5
5214,6
5215,6
5216,6
5217,6
5218,6
5219,6
5220,6
5221,7
5222,6
5223,5
5224,5
5225,7
5226,5
5227,7
5228,6
5229,6
5230,6
5231,5
5232,6
5233,5
5234,6
5235,5
5236,6
5237,7
5238,5
5239,5
5240,6
5241,4
5242,6
5243,8
5244,5
5245,5
5246,6
5247,9
5248,5
5249,6
5250,5
5251,4
5252,9
5253,4
5254,6
5255,4
5256,9
5257,5
5258,5
5259,6
5260,6
5261,5
5262,11
5263,5
5264,7
5265,5
5266,5
5267,6
5268,6
5269,6
5270,6
5271,6
5272,6
5273,5
5274,7
5275,5
5276,6
5277,5
5278,6
5279,5
5280,5
5281,11
5282,5
5283,8
5284,5
5285,5
5286,5
5287,5
5288,7
5289,5
5290,6
5291,6
5292,4
5293,6
5294,5
5295,6
5296,5
5297,4
5298,14
5299,5
5300,6
5301,4
5302,7
5303,5
5304,7
5305,5
5306,5
5307,4
5308,7
5309,5
5310,4
5311,6
5312,7
5313,4
5314,8
5315,4
5316,6
5317,5
5318,15
5319,5
5320,6
5321,6
5322,5
5323,5
5324,5
5325,6
5326,6
5327,6
5328,5
5329,6
5330,5
5331,6
5332,10
5333,5
5334,6
5335,5
5336,6
5337,8
5338,6
5339,6
5340,7
5341,5
5342,9
5343,16
5344,6
5345,5
5346,4
5347,7
5348,6
5349,4
5350,9
5351,4
5352,5
5353,6
5354,8
5355,5
5356,5
5357,5
5358,4
5359,9
5360,5
5361,6
5362,5
5363,7
5364,7
5365,6
5366,5
5367,6
5368,5
5369,4
5370,11
5371,5
5372,4
5373,7
5374,5
5375,5
5376,9
5377,7
5378,7
5379,5
5380,5
5381,8
5382,6
5383,5
5384,8
5385,5
5386,7
