7.273600e-04
7.612900e-04
6.534900e-04
7.798700e-04
6.420400e-04
7.758400e-04
6.362800e-04
6.186400e-04
8.420800e-04
7.133000e-04
8.085600e-04
6.978400e-04
8.613400e-04
5.869200e-04
8.174500e-04
7.055200e-04
6.963900e-04
7.826800e-04
6.897000e-04
6.865300e-04
6.479600e-04
6.607800e-04
7.700000e-04
6.256000e-04
6.840700e-04
8.114600e-04
6.673700e-04
6.284800e-04
8.514600e-04
6.944600e-04
7.552300e-04
6.222300e-04
6.291900e-04
7.188800e-04
6.384300e-04
7.224200e-04
7.033900e-04
7.224800e-04
6.664300e-04
7.087300e-04
7.759500e-04
7.302600e-04
6.477400e-04
8.024000e-04
6.669100e-04
8.194000e-04
6.400100e-04
6.190100e-04
5.622800e-04
6.931400e-04
7.569400e-04
6.227200e-04
6.757800e-04
7.078900e-04
5.556700e-04
7.722800e-04
7.698400e-04
7.073700e-04
8.102900e-04
7.783900e-04
7.188200e-04
8.346600e-04
7.057900e-04
8.528700e-04
7.999500e-04
7.431500e-04
8.160000e-04
6.413000e-04
7.204600e-04
7.458200e-04
7.474400e-04
7.513300e-04
6.266300e-04
7.343300e-04
6.487300e-04
7.385400e-04
6.217200e-04
6.965500e-04
8.026300e-04
6.509200e-04
6.726300e-04
7.926600e-04
8.192100e-04
7.162600e-04
5.402300e-04
7.884500e-04
7.356500e-04
7.822900e-04
8.176800e-04
6.942700e-04
7.578200e-04
7.239400e-04
8.017800e-04
6.751700e-04
7.767700e-04
6.790000e-04
8.187200e-04
7.107300e-04
7.512000e-04
8.165900e-04
7.441400e-04
6.724800e-04
7.963300e-04
7.193500e-04
6.615800e-04
6.977200e-04
6.433800e-04
5.895300e-04
6.372000e-04
7.358900e-04
6.674500e-04
7.930800e-04
7.149700e-04
7.197100e-04
7.145600e-04
7.697300e-04
7.363800e-04
6.987600e-04
7.706000e-04
7.379400e-04
6.559600e-04
6.973800e-04
7.679000e-04
7.786400e-04
7.226300e-04
7.098900e-04
6.946900e-04
7.248400e-04
5.095300e-04
7.624000e-04
6.449800e-04
7.262500e-04
7.202300e-04
6.881800e-04
7.668700e-04
7.475700e-04
7.270500e-04
7.533000e-04
6.794300e-04
5.438700e-04
6.585900e-04
6.528500e-04
7.177900e-04
6.742700e-04
5.694100e-04
7.303300e-04
6.026300e-04
6.767100e-04
7.827900e-04
6.257100e-04
6.015000e-04
6.491600e-04
6.660900e-04
5.565500e-04
6.821000e-04
7.318000e-04
6.964900e-04
7.503300e-04
6.843000e-04
7.363500e-04
6.997200e-04
8.188900e-04
6.855400e-04
7.838800e-04
6.772200e-04
7.722900e-04
7.543600e-04
5.985700e-04
5.881800e-04
6.299300e-04
8.430900e-04
7.309100e-04
5.545400e-04
7.831800e-04
6.228600e-04
6.820100e-04
7.907500e-04
7.177000e-04
7.561100e-04
7.117700e-04
6.918600e-04
7.718500e-04
6.709900e-04
7.275400e-04
6.829400e-04
7.086700e-04
6.316000e-04
7.418200e-04
6.904900e-04
6.945700e-04
7.646600e-04
8.184500e-04
6.860500e-04
5.486000e-04
8.580300e-04
5.661000e-04
6.803400e-04
7.357500e-04
7.245500e-04
8.088500e-04
7.803800e-04
6.877900e-04
7.474500e-04
7.302900e-04
6.845300e-04
5.440300e-04
6.539400e-04
7.756900e-04
5.443800e-04
6.168600e-04
6.051600e-04
8.274000e-04
7.890600e-04
6.004600e-04
5.998400e-04
7.520600e-04
7.181300e-04
6.703500e-04
6.269500e-04
6.223300e-04
7.375800e-04
6.976000e-04
6.760300e-04
6.620800e-04
6.351500e-04
7.197400e-04
6.512700e-04
7.812400e-04
5.814600e-04
6.792400e-04
6.699500e-04
6.496700e-04
6.221200e-04
7.403700e-04
7.630300e-04
5.475500e-04
5.993800e-04
6.486300e-04
7.147600e-04
6.864200e-04
8.232200e-04
5.951000e-04
6.612900e-04
7.173800e-04
7.180400e-04
7.062900e-04
6.831200e-04
7.019000e-04
6.577300e-04
7.611000e-04
7.265700e-04
6.554600e-04
6.394500e-04
6.166700e-04
7.079200e-04
6.435300e-04
6.573500e-04
6.633600e-04
6.746800e-04
6.840800e-04
6.443300e-04
6.378500e-04
6.873700e-04
6.331500e-04
7.474600e-04
7.321800e-04
6.792600e-04
6.293200e-04
7.267400e-04
6.740100e-04
5.123000e-04
8.114600e-04
6.207900e-04
8.022400e-04
6.660100e-04
7.523700e-04
5.957600e-04
7.153100e-04
6.461500e-04
6.101500e-04
7.342300e-04
7.171900e-04
7.426200e-04
6.240000e-04
7.500600e-04
6.604000e-04
6.485500e-04
8.118300e-04
6.950800e-04
7.233000e-04
7.592600e-04
7.143700e-04
6.726300e-04
6.376100e-04
7.658300e-04
5.574600e-04
6.385500e-04
7.791900e-04
7.697800e-04
6.488600e-04
6.199100e-04
6.249300e-04
7.037300e-04
6.721800e-04
7.373300e-04
7.232700e-04
5.262600e-04
5.208600e-04
7.202100e-04
7.675000e-04
7.479700e-04
7.057800e-04
6.968600e-04
6.974500e-04
5.826900e-04
7.088700e-04
6.273600e-04
8.202300e-04
8.181000e-04
7.050500e-04
6.248700e-04
7.587700e-04
7.204900e-04
7.252800e-04
5.963200e-04
6.474500e-04
8.393400e-04
6.536800e-04
6.793300e-04
6.949300e-04
7.768200e-04
8.273200e-04
6.322100e-04
5.772600e-04
6.211500e-04
6.866300e-04
5.884600e-04
7.268000e-04
6.899100e-04
7.189000e-04
7.067000e-04
7.044500e-04
6.784700e-04
6.422400e-04
8.094900e-04
7.428000e-04
6.319800e-04
7.482100e-04
6.958900e-04
6.372400e-04
5.746900e-04
8.000700e-04
7.224400e-04
5.421400e-04
7.012500e-04
7.153100e-04
6.522800e-04
7.745700e-04
7.144700e-04
7.838000e-04
6.047300e-04
6.621300e-04
7.221300e-04
6.048700e-04
7.867000e-04
7.357400e-04
6.833700e-04
6.220700e-04
6.517500e-04
8.004800e-04
7.956000e-04
7.314800e-04
7.496000e-04
6.706900e-04
6.795400e-04
5.977600e-04
7.549100e-04
7.207500e-04
6.933000e-04
7.167300e-04
6.737000e-04
6.438800e-04
8.435000e-04
6.612400e-04
8.471500e-04
6.376400e-04
6.933900e-04
6.224200e-04
8.534800e-04
6.863200e-04
8.166800e-04
6.401000e-04
6.141800e-04
6.126900e-04
6.355100e-04
6.221600e-04
7.401400e-04
6.462600e-04
7.247600e-04
5.865400e-04
7.554500e-04
7.162800e-04
6.698900e-04
6.811700e-04
7.468300e-04
7.909900e-04
6.249600e-04
6.412600e-04
6.811500e-04
7.448900e-04
7.269300e-04
6.979400e-04
7.661800e-04
6.253800e-04
7.634300e-04
6.707900e-04
7.644200e-04
7.205400e-04
7.530300e-04
7.540900e-04
6.358500e-04
5.405800e-04
6.952800e-04
7.049700e-04
7.301100e-04
8.174000e-04
7.225300e-04
7.638200e-04
7.776700e-04
6.337900e-04
7.839800e-04
7.149800e-04
7.344200e-04
8.126300e-04
7.203300e-04
6.068700e-04
7.583400e-04
7.166700e-04
6.348900e-04
7.596000e-04
7.627500e-04
7.180000e-04
7.533500e-04
6.381200e-04
7.953700e-04
6.452900e-04
7.229600e-04
7.511900e-04
8.410500e-04
6.648200e-04
7.502100e-04
5.839800e-04
7.147200e-04
7.657700e-04
7.781000e-04
7.174000e-04
7.550000e-04
6.027000e-04
7.536300e-04
7.867100e-04
7.002000e-04
6.251800e-04
7.735400e-04
6.364600e-04
6.970600e-04
6.154700e-04
5.810300e-04
7.724200e-04
7.158700e-04
7.033100e-04
7.738600e-04
7.297400e-04
6.818900e-04
7.651200e-04
5.604100e-04
6.666100e-04
7.726700e-04
6.521500e-04
7.946200e-04
7.703600e-04
5.912600e-04
7.401000e-04
7.249000e-04
5.944400e-04
6.663400e-04
7.355300e-04
7.111300e-04
7.061800e-04
7.068600e-04
5.977100e-04
7.031100e-04
7.391100e-04
5.830500e-04
6.608400e-04
7.167400e-04
7.692200e-04
6.858700e-04
7.659500e-04
6.997800e-04
7.343300e-04
6.316600e-04
7.181100e-04
6.078700e-04
6.240700e-04
6.222300e-04
7.834900e-04
6.410400e-04
7.212000e-04
7.360200e-04
6.910500e-04
6.548800e-04
6.819800e-04
6.726000e-04
7.973300e-04
7.850900e-04
7.882700e-04
6.485400e-04
6.112200e-04
7.335400e-04
7.802700e-04
6.637100e-04
7.815000e-04
7.162500e-04
7.364700e-04
6.172600e-04
5.403100e-04
7.379700e-04
8.540500e-04
6.394900e-04
6.208100e-04
6.921800e-04
6.571300e-04
7.710700e-04
7.577000e-04
7.658400e-04
7.232700e-04
7.593100e-04
7.361700e-04
6.360200e-04
7.466400e-04
5.932000e-04
6.988700e-04
6.356100e-04
8.166800e-04
6.181700e-04
6.413400e-04
8.058200e-04
7.230200e-04
6.774900e-04
6.786000e-04
7.871400e-04
8.178500e-04
6.870800e-04
7.646600e-04
7.086300e-04
6.856800e-04
6.704100e-04
5.912700e-04
7.464500e-04
7.154300e-04
7.209400e-04
6.770800e-04
6.963400e-04
5.947200e-04
6.896000e-04
5.812800e-04
6.968600e-04
6.219300e-04
6.223700e-04
6.730700e-04
7.239800e-04
7.897300e-04
7.577000e-04
6.503300e-04
6.768400e-04
7.017600e-04
6.644500e-04
7.330500e-04
6.908500e-04
6.362900e-04
7.880100e-04
6.721500e-04
6.797900e-04
7.189500e-04
6.978600e-04
6.604800e-04
6.550200e-04
5.499200e-04
7.391200e-04
6.325800e-04
6.887700e-04
7.539000e-04
7.892300e-04
8.407100e-04
6.117300e-04
7.766000e-04
6.890200e-04
6.635600e-04
6.716700e-04
6.749300e-04
7.628000e-04
6.437100e-04
6.842800e-04
6.640700e-04
7.237500e-04
7.017100e-04
7.714900e-04
6.922400e-04
6.827100e-04
6.772100e-04
7.207400e-04
6.483100e-04
6.534000e-04
7.363200e-04
6.353600e-04
7.663400e-04
6.506400e-04
6.859500e-04
7.634800e-04
6.492700e-04
6.413900e-04
8.373300e-04
7.819600e-04
7.295700e-04
6.954100e-04
6.507700e-04
6.928900e-04
7.686800e-04
6.787200e-04
7.370400e-04
8.570000e-04
7.111800e-04
5.923900e-04
7.316200e-04
6.613300e-04
7.543300e-04
6.622100e-04
6.238800e-04
6.219000e-04
7.096200e-04
7.508800e-04
7.609600e-04
7.045300e-04
6.523300e-04
6.402000e-04
7.256400e-04
6.340500e-04
7.699600e-04
7.278400e-04
6.512900e-04
6.253300e-04
8.044500e-04
7.019100e-04
6.965700e-04
7.205300e-04
6.280300e-04
6.706100e-04
7.923900e-04
6.542000e-04
6.423400e-04
6.828600e-04
7.177700e-04
6.430200e-04
6.676000e-04
8.029200e-04
6.763000e-04
5.813700e-04
6.316000e-04
6.951400e-04
7.238900e-04
6.849000e-04
6.028700e-04
7.360600e-04
7.768200e-04
8.196900e-04
7.597000e-04
7.647500e-04
7.550200e-04
7.570600e-04
8.040100e-04
6.842600e-04
6.469000e-04
8.019700e-04
8.078700e-04
6.086400e-04
6.042800e-04
7.326400e-04
6.523800e-04
6.702500e-04
6.552500e-04
6.245000e-04
6.201300e-04
6.996900e-04
5.462100e-04
7.528400e-04
7.323100e-04
5.438600e-04
7.431500e-04
8.219700e-04
7.366100e-04
7.425700e-04
7.346700e-04
6.328900e-04
5.883200e-04
6.823700e-04
6.683300e-04
6.475900e-04
7.392800e-04
7.679200e-04
8.416600e-04
7.984400e-04
6.247900e-04
7.353700e-04
6.317000e-04
6.539500e-04
7.853000e-04
6.431800e-04
6.833900e-04
7.727900e-04
6.997700e-04
7.066900e-04
6.716400e-04
7.672200e-04
7.554300e-04
7.617600e-04
7.288400e-04
7.722900e-04
6.706700e-04
7.811200e-04
5.837700e-04
5.955700e-04
6.456000e-04
7.350800e-04
7.050300e-04
7.354700e-04
7.763700e-04
7.207100e-04
7.314400e-04
6.816100e-04
6.687500e-04
6.806300e-04
6.120000e-04
7.085200e-04
6.686200e-04
6.607200e-04
6.411300e-04
7.445200e-04
7.771500e-04
7.859200e-04
7.213700e-04
6.214200e-04
7.227600e-04
7.425400e-04
6.631100e-04
7.395900e-04
6.798400e-04
6.738700e-04
6.816200e-04
7.319800e-04
6.686900e-04
5.867500e-04
7.637000e-04
6.858000e-04
7.923400e-04
6.541700e-04
6.796000e-04
6.685900e-04
5.752300e-04
6.246700e-04
6.973700e-04
6.901200e-04
7.028100e-04
7.537000e-04
7.843600e-04
7.519400e-04
8.102200e-04
6.684800e-04
6.446200e-04
6.276400e-04
7.505500e-04
7.458800e-04
8.056100e-04
7.836200e-04
6.288100e-04
7.481500e-04
7.491000e-04
7.014100e-04
5.939300e-04
7.298000e-04
6.503800e-04
7.029000e-04
7.150000e-04
6.283900e-04
6.209300e-04
8.117200e-04
6.269800e-04
7.641700e-04
6.286500e-04
6.558800e-04
7.315100e-04
7.285400e-04
7.043900e-04
6.246700e-04
7.653400e-04
7.729500e-04
6.195700e-04
6.916700e-04
6.076000e-04
7.764800e-04
6.588700e-04
7.294800e-04
7.421700e-04
6.686400e-04
7.020400e-04
6.955800e-04
7.104700e-04
8.174600e-04
6.842500e-04
6.751500e-04
6.444300e-04
8.410800e-04
6.747900e-04
6.277700e-04
6.889700e-04
5.485800e-04
6.691900e-04
6.909000e-04
6.224300e-04
7.384800e-04
6.924000e-04
6.932600e-04
6.278600e-04
7.584200e-04
7.893500e-04
6.554800e-04
6.306300e-04
8.180200e-04
8.148900e-04
6.408900e-04
7.786400e-04
7.395700e-04
7.516500e-04
7.740900e-04
7.171700e-04
6.311400e-04
8.137100e-04
6.755200e-04
6.882900e-04
7.624200e-04
6.908500e-04
7.149700e-04
7.169300e-04
6.778800e-04
7.078600e-04
6.602300e-04
6.612100e-04
6.221900e-04
6.501800e-04
5.702400e-04
6.612700e-04
7.638800e-04
7.164000e-04
7.819600e-04
7.327400e-04
6.556500e-04
7.046900e-04
7.815000e-04
6.615800e-04
7.612800e-04
6.497100e-04
6.157900e-04
6.816400e-04
8.598000e-04
7.666700e-04
7.108600e-04
5.834400e-04
6.665400e-04
7.414000e-04
6.317100e-04
7.468300e-04
6.312400e-04
7.550600e-04
7.206400e-04
6.449200e-04
6.429600e-04
8.181600e-04
7.573000e-04
6.335400e-04
6.496000e-04
7.510300e-04
7.406200e-04
5.772300e-04
6.456600e-04
6.816300e-04
7.594800e-04
7.019500e-04
8.141000e-04
7.431600e-04
7.056000e-04
6.971300e-04
7.471100e-04
7.956600e-04
6.539000e-04
6.423500e-04
6.073100e-04
7.123400e-04
6.844200e-04
6.752200e-04
7.547500e-04
7.205200e-04
6.403600e-04
6.967400e-04
6.834300e-04
7.624800e-04
6.892700e-04
8.180300e-04
6.047600e-04
5.914100e-04
8.134800e-04
8.538400e-04
7.686000e-04
6.954100e-04
7.177000e-04
6.987400e-04
6.354900e-04
7.362000e-04
5.510900e-04
7.871000e-04
8.189400e-04
7.151100e-04
7.248600e-04
7.669100e-04
6.222700e-04
6.843500e-04
7.164400e-04
6.966100e-04
6.791900e-04
6.361600e-04
6.771900e-04
8.042500e-04
6.444300e-04
5.976100e-04
7.419500e-04
6.205600e-04
6.235800e-04
6.465800e-04
7.110300e-04
7.041600e-04
6.555500e-04
6.774100e-04
7.223800e-04
7.001000e-04
8.059300e-04
8.511600e-04
7.651500e-04
6.440600e-04
7.854500e-04
7.135000e-04
7.768700e-04
7.251800e-04
7.137300e-04
5.829600e-04
7.817400e-04
8.080200e-04
7.817200e-04
6.990000e-04
6.314200e-04
7.887600e-04
7.153900e-04
7.277000e-04
7.399800e-04
7.889900e-04
6.641600e-04
6.738400e-04
7.796500e-04
6.643400e-04
7.782400e-04
6.108000e-04
6.761700e-04
5.864600e-04
6.727700e-04
6.936300e-04
7.453600e-04
6.043300e-04
7.184500e-04
6.227000e-04
7.721100e-04
6.659000e-04
8.088700e-04
6.338300e-04
6.460900e-04
6.162600e-04
6.055000e-04
8.139900e-04
6.258000e-04
7.676600e-04
6.540200e-04
7.160400e-04
7.519200e-04
7.314300e-04
5.420100e-04
6.734200e-04
6.860800e-04
6.333000e-04
6.546800e-04
7.811000e-04
6.958000e-04
7.751100e-04
6.605000e-04
7.636600e-04
7.158100e-04
6.559200e-04
7.254300e-04
7.305700e-04
7.688900e-04
6.170900e-04
6.825400e-04
7.719300e-04
5.970400e-04
7.094500e-04
7.754600e-04
8.061400e-04
5.864800e-04
8.085300e-04
7.625400e-04
7.267400e-04
7.912200e-04
7.057900e-04
7.193700e-04
7.443200e-04
6.273300e-04
6.410500e-04
8.406600e-04
6.989500e-04
5.947500e-04
6.614700e-04
8.217300e-04
6.415300e-04
7.121000e-04
8.174400e-04
7.555700e-04
7.099300e-04
7.542300e-04
7.013000e-04
6.223100e-04
7.082900e-04
6.157800e-04
7.239000e-04
7.392900e-04
7.357700e-04
6.692100e-04
7.548800e-04
6.119300e-04
6.583400e-04
7.224500e-04
7.345900e-04
7.750700e-04
7.392300e-04
7.847600e-04
6.711900e-04
7.140800e-04
7.862200e-04
6.630300e-04
6.300000e-04
6.827500e-04
7.582200e-04
7.306400e-04
8.146400e-04
8.122000e-04
6.012700e-04
7.532300e-04
8.011700e-04
7.319600e-04
7.465100e-04
5.913200e-04
7.119600e-04
7.992700e-04
6.913500e-04
7.184500e-04
6.580900e-04
7.399800e-04
6.229200e-04
7.661400e-04
7.554000e-04
5.570600e-04
6.606000e-04
7.351500e-04
6.025100e-04
7.877300e-04
6.759700e-04
7.173200e-04
7.937300e-04
6.516300e-04
8.107700e-04
6.407600e-04
7.274000e-04
7.757300e-04
7.289600e-04
6.205900e-04
8.150500e-04
7.019800e-04
8.167100e-04
6.051700e-04
7.737200e-04
7.478100e-04
7.481500e-04
6.592800e-04
7.094800e-04
6.510800e-04
6.578200e-04
7.165100e-04
7.190800e-04
6.692200e-04
8.143100e-04
7.751400e-04
7.975100e-04
6.261300e-04
6.239200e-04
6.762600e-04
7.227200e-04
7.065700e-04
7.730400e-04
8.796800e-04
5.901200e-04
7.408200e-04
7.514100e-04
7.321800e-04
6.946700e-04
6.119900e-04
6.683400e-04
6.709900e-04
7.556100e-04
6.412900e-04
7.059400e-04
6.380900e-04
7.505100e-04
7.457700e-04
6.474800e-04
5.853500e-04
7.339200e-04
7.599200e-04
7.157100e-04
5.025700e-04
7.182600e-04
7.502400e-04
6.412500e-04
6.926700e-04
6.751500e-04
7.137900e-04
7.297300e-04
7.969000e-04
6.908100e-04
8.321700e-04
6.993000e-04
6.670400e-04
7.391700e-04
7.064500e-04
7.097500e-04
6.429300e-04
6.980100e-04
7.944600e-04
7.626900e-04
8.308900e-04
7.530400e-04
5.703900e-04
5.831900e-04
6.934600e-04
7.964400e-04
7.299600e-04
7.496900e-04
6.439200e-04
7.855900e-04
5.941400e-04
5.863900e-04
5.613500e-04
7.713800e-04
7.959500e-04
6.356100e-04
7.447200e-04
6.977200e-04
5.788400e-04
6.195400e-04
7.620400e-04
6.749300e-04
7.257100e-04
6.491300e-04
6.686200e-04
5.852500e-04
7.036100e-04
7.944700e-04
6.768000e-04
7.398100e-04
6.580100e-04
7.089900e-04
6.202600e-04
7.750500e-04
6.995900e-04
6.628800e-04
7.459500e-04
6.103400e-04
7.424000e-04
6.025900e-04
8.051800e-04
7.356700e-04
6.751400e-04
7.162800e-04
6.743600e-04
8.361900e-04
7.048300e-04
8.020300e-04
7.786700e-04
8.067000e-04
7.749400e-04
6.230400e-04
6.176900e-04
7.562400e-04
7.171600e-04
7.505000e-04
6.741900e-04
7.025000e-04
7.507900e-04
8.383000e-04
6.744400e-04
6.364000e-04
6.419400e-04
5.892300e-04
7.368600e-04
7.349000e-04
7.382500e-04
7.824300e-04
7.662400e-04
7.047600e-04
6.942100e-04
6.512300e-04
7.758500e-04
6.788300e-04
6.170400e-04
7.549300e-04
7.604400e-04
6.629000e-04
6.287700e-04
6.646500e-04
6.940200e-04
6.683900e-04
7.591400e-04
6.559300e-04
7.357100e-04
7.784800e-04
7.340700e-04
6.575100e-04
7.637100e-04
6.933600e-04
6.936300e-04
6.942600e-04
8.131200e-04
8.509900e-04
6.098500e-04
7.668500e-04
6.718700e-04
7.086600e-04
6.100300e-04
6.308600e-04
5.877000e-04
6.646700e-04
7.633100e-04
7.583000e-04
6.393300e-04
7.489900e-04
7.591800e-04
6.122700e-04
6.339500e-04
7.581600e-04
6.789000e-04
7.175400e-04
5.831400e-04
7.283100e-04
6.518000e-04
7.060400e-04
6.704200e-04
7.524800e-04
6.941900e-04
7.319400e-04
7.243000e-04
7.769000e-04
7.854100e-04
5.467100e-04
6.203200e-04
6.222200e-04
8.065900e-04
8.053200e-04
8.374800e-04
6.680300e-04
8.469800e-04
7.462600e-04
7.447900e-04
7.308000e-04
6.476400e-04
7.297000e-04
8.483900e-04
7.104900e-04
8.259600e-04
7.372400e-04
7.294500e-04
6.446600e-04
7.411000e-04
6.423700e-04
7.350900e-04
7.790400e-04
8.407400e-04
7.319300e-04
6.425000e-04
6.884500e-04
7.739600e-04
7.883900e-04
6.430800e-04
7.480900e-04
6.579300e-04
6.942400e-04
7.298200e-04
7.623000e-04
6.172800e-04
6.719800e-04
7.284500e-04
7.932500e-04
6.687000e-04
5.956700e-04
8.014000e-04
7.834800e-04
6.857200e-04
6.955800e-04
6.849100e-04
6.304600e-04
6.708700e-04
7.092500e-04
7.309800e-04
7.551100e-04
7.020300e-04
8.193000e-04
8.159900e-04
7.147100e-04
6.922400e-04
7.065500e-04
7.831300e-04
7.442100e-04
6.532400e-04
6.610500e-04
6.188800e-04
6.530900e-04
8.128700e-04
6.417000e-04
6.050200e-04
6.718500e-04
6.356000e-04
8.862000e-04
6.932100e-04
5.840700e-04
7.971700e-04
7.774200e-04
6.980500e-04
6.743400e-04
7.904300e-04
5.758600e-04
6.841700e-04
6.494900e-04
6.739200e-04
8.438000e-04
7.237200e-04
7.598900e-04
6.459300e-04
7.732100e-04
7.060000e-04
6.466000e-04
8.574900e-04
7.621800e-04
7.110500e-04
7.510300e-04
7.070100e-04
7.056100e-04
7.816300e-04
7.818700e-04
7.845300e-04
6.611600e-04
6.398400e-04
6.011300e-04
5.955200e-04
5.861300e-04
6.215600e-04
6.368700e-04
6.445900e-04
5.075000e-04
5.950400e-04
7.920300e-04
7.237000e-04
6.491400e-04
6.820000e-04
6.931100e-04
6.829800e-04
7.085400e-04
6.744600e-04
6.783900e-04
7.475000e-04
6.936600e-04
7.957000e-04
8.308500e-04
7.569400e-04
5.525300e-04
5.945900e-04
7.565700e-04
7.088600e-04
6.950700e-04
6.525500e-04
7.679200e-04
6.579600e-04
7.390400e-04
5.585500e-04
6.963100e-04
7.210400e-04
6.863300e-04
6.962900e-04
6.879300e-04
6.752500e-04
7.237300e-04
7.883600e-04
7.250000e-04
7.537200e-04
7.554000e-04
5.984600e-04
6.316800e-04
7.866300e-04
6.451300e-04
5.692900e-04
6.745600e-04
6.564100e-04
6.871800e-04
7.785100e-04
7.727200e-04
7.427200e-04
8.522800e-04
6.214500e-04
7.920400e-04
7.316700e-04
5.829500e-04
7.900200e-04
6.423300e-04
7.233800e-04
6.922200e-04
5.677300e-04
7.203500e-04
6.087300e-04
7.580900e-04
7.177300e-04
7.033500e-04
8.905600e-04
6.594800e-04
7.205100e-04
6.824400e-04
6.502000e-04
6.240100e-04
7.330900e-04
8.185600e-04
6.762300e-04
5.906700e-04
5.834300e-04
7.273700e-04
6.385500e-04
7.193000e-04
5.881900e-04
7.407800e-04
6.980900e-04
7.182700e-04
6.336500e-04
6.320800e-04
5.785700e-04
7.960000e-04
6.481400e-04
8.471700e-04
8.168500e-04
7.356700e-04
7.797000e-04
8.183200e-04
7.175200e-04
6.608000e-04
8.297300e-04
6.842800e-04
7.000000e-04
6.742900e-04
6.035700e-04
7.928100e-04
6.887700e-04
7.013100e-04
7.579600e-04
7.115400e-04
7.205500e-04
6.776900e-04
6.626500e-04
6.341000e-04
6.491400e-04
8.140900e-04
6.316900e-04
8.347900e-04
6.276400e-04
7.678600e-04
7.097700e-04
6.577200e-04
7.298800e-04
5.667400e-04
7.004900e-04
8.161400e-04
7.786400e-04
7.940400e-04
7.833600e-04
7.637100e-04
6.990400e-04
5.648900e-04
7.717100e-04
7.388700e-04
5.870900e-04
6.127000e-04
6.405600e-04
7.421700e-04
7.446100e-04
5.475600e-04
6.538900e-04
7.703400e-04
7.372100e-04
7.484200e-04
6.695100e-04
6.281300e-04
7.296000e-04
7.047800e-04
7.506300e-04
8.276100e-04
7.926400e-04
7.352900e-04
5.900200e-04
6.729000e-04
6.732600e-04
6.369900e-04
7.542800e-04
6.241700e-04
7.184600e-04
5.889600e-04
6.490500e-04
7.438500e-04
6.752400e-04
7.778000e-04
7.216300e-04
6.813200e-04
6.357000e-04
6.432800e-04
7.469900e-04
6.927600e-04
6.845600e-04
6.282500e-04
6.540300e-04
7.060900e-04
7.068500e-04
6.316800e-04
7.935600e-04
6.766800e-04
7.702700e-04
7.112800e-04
8.180300e-04
6.652800e-04
6.791800e-04
6.835900e-04
6.170300e-04
7.576200e-04
7.602200e-04
6.810400e-04
6.008900e-04
6.765700e-04
7.147300e-04
6.773900e-04
6.588500e-04
5.389100e-04
7.086900e-04
6.426500e-04
7.294800e-04
7.279600e-04
6.368000e-04
7.637100e-04
7.068300e-04
6.418200e-04
7.269100e-04
6.806300e-04
7.223100e-04
8.009900e-04
7.718200e-04
6.564700e-04
6.455800e-04
7.995500e-04
6.302100e-04
7.600100e-04
7.222400e-04
6.254200e-04
6.805600e-04
6.897400e-04
6.185100e-04
7.166300e-04
5.917600e-04
7.966000e-04
7.674500e-04
6.011200e-04
6.621900e-04
7.551000e-04
8.145600e-04
7.476500e-04
6.397300e-04
7.860700e-04
6.719100e-04
7.180800e-04
6.702200e-04
6.955100e-04
7.711100e-04
7.751900e-04
6.955600e-04
7.915100e-04
7.466200e-04
7.630200e-04
6.420500e-04
7.938600e-04
7.465000e-04
6.635100e-04
6.047000e-04
6.856300e-04
7.054000e-04
6.245000e-04
7.894500e-04
7.381500e-04
7.607800e-04
6.765100e-04
5.978700e-04
6.870700e-04
7.938000e-04
6.177700e-04
7.928100e-04
6.001400e-04
7.053200e-04
6.996400e-04
7.230600e-04
5.586500e-04
7.394300e-04
7.782100e-04
7.387200e-04
7.445300e-04
6.858100e-04
7.182500e-04
7.243000e-04
6.200100e-04
6.584700e-04
6.704700e-04
7.514700e-04
6.887000e-04
6.977100e-04
6.939500e-04
7.052900e-04
5.878100e-04
7.651400e-04
7.621900e-04
8.075000e-04
7.263000e-04
8.051100e-04
8.101000e-04
6.947900e-04
5.953000e-04
8.074800e-04
7.154100e-04
7.564300e-04
7.911200e-04
7.897500e-04
6.354600e-04
6.917400e-04
8.341000e-04
7.061100e-04
6.536900e-04
6.472900e-04
7.013400e-04
8.088300e-04
6.776600e-04
6.792300e-04
6.707400e-04
7.496800e-04
7.259700e-04
7.337400e-04
7.863800e-04
6.886000e-04
7.770900e-04
8.047500e-04
7.683800e-04
7.732200e-04
7.144500e-04
6.809200e-04
7.488200e-04
7.236800e-04
7.995900e-04
7.808200e-04
6.195600e-04
8.192400e-04
8.362600e-04
6.347200e-04
7.384000e-04
7.286900e-04
6.669000e-04
7.937600e-04
8.489700e-04
6.830600e-04
6.291100e-04
7.173800e-04
7.899100e-04
8.337200e-04
6.617000e-04
6.385300e-04
7.460600e-04
7.323300e-04
7.489400e-04
7.346000e-04
7.450900e-04
7.506300e-04
7.016100e-04
7.973700e-04
6.769400e-04
7.328100e-04
6.874900e-04
5.869300e-04
6.630200e-04
7.202600e-04
6.682300e-04
6.756700e-04
5.695900e-04
7.011900e-04
7.111000e-04
8.166000e-04
6.403000e-04
7.318400e-04
8.231300e-04
7.016500e-04
5.400000e-04
7.486200e-04
6.463100e-04
6.885000e-04
6.817200e-04
8.015100e-04
6.718300e-04
6.706800e-04
5.340400e-04
7.043200e-04
8.472500e-04
8.407400e-04
6.319200e-04
5.937400e-04
6.540600e-04
7.735400e-04
6.928000e-04
7.290800e-04
6.870700e-04
7.778000e-04
7.446000e-04
6.012300e-04
7.080800e-04
6.666300e-04
6.718600e-04
7.694200e-04
6.428200e-04
8.101800e-04
7.244600e-04
6.192100e-04
6.212300e-04
5.974100e-04
6.499200e-04
5.472800e-04
7.090000e-04
7.969600e-04
7.251800e-04
6.708600e-04
7.762400e-04
6.603300e-04
6.570700e-04
7.171600e-04
7.161500e-04
6.674600e-04
6.776200e-04
8.123600e-04
7.210400e-04
8.500500e-04
6.738500e-04
6.967600e-04
7.080500e-04
7.492000e-04
7.148300e-04
8.006500e-04
5.851700e-04
7.978800e-04
6.715700e-04
6.691900e-04
6.667300e-04
6.134900e-04
7.154100e-04
7.098700e-04
6.650800e-04
5.505800e-04
6.789400e-04
7.999500e-04
6.414300e-04
7.771500e-04
5.939900e-04
6.929500e-04
7.367700e-04
6.860100e-04
7.136800e-04
8.081100e-04
7.736900e-04
6.685000e-04
7.374700e-04
6.958100e-04
8.197700e-04
7.184200e-04
7.693200e-04
7.204400e-04
6.429800e-04
6.296000e-04
7.205400e-04
8.221000e-04
6.623600e-04
7.072200e-04
6.453900e-04
7.705100e-04
7.559200e-04
8.053700e-04
7.155300e-04
6.336300e-04
7.605500e-04
6.805500e-04
6.317800e-04
7.614300e-04
7.092900e-04
6.706300e-04
7.826300e-04
6.327400e-04
6.642200e-04
6.565700e-04
6.818100e-04
7.477000e-04
7.486800e-04
6.681200e-04
7.165500e-04
7.773300e-04
7.695700e-04
7.543400e-04
6.196200e-04
7.494200e-04
5.835100e-04
7.606000e-04
7.167500e-04
8.098000e-04
7.868100e-04
7.396500e-04
7.300900e-04
7.346000e-04
6.445500e-04
8.114900e-04
6.858900e-04
6.818200e-04
7.145500e-04
6.473000e-04
7.462400e-04
6.142000e-04
5.882200e-04
6.893900e-04
7.330300e-04
8.426300e-04
6.538700e-04
8.098700e-04
7.898000e-04
7.518100e-04
8.062300e-04
8.030800e-04
8.538700e-04
6.725400e-04
6.262100e-04
7.365700e-04
6.781500e-04
7.998200e-04
6.371100e-04
6.876800e-04
6.484900e-04
6.200900e-04
7.283700e-04
6.627500e-04
6.693800e-04
8.212700e-04
6.431700e-04
6.883000e-04
7.534500e-04
6.386700e-04
8.549700e-04
6.870200e-04
7.457500e-04
6.224100e-04
8.421900e-04
7.685800e-04
7.489000e-04
7.302800e-04
6.865200e-04
7.878000e-04
6.396600e-04
7.009700e-04
6.046400e-04
7.540800e-04
8.612900e-04
7.535700e-04
7.243700e-04
7.937600e-04
7.915900e-04
6.165800e-04
7.262100e-04
7.028400e-04
6.631400e-04
8.152100e-04
6.824200e-04
6.668400e-04
6.636000e-04
6.870800e-04
8.212700e-04
6.385500e-04
8.056000e-04
7.314200e-04
6.740100e-04
7.347400e-04
7.734100e-04
7.428000e-04
6.956800e-04
6.980400e-04
6.798900e-04
7.156000e-04
7.764000e-04
6.876100e-04
6.409200e-04
6.190700e-04
6.014600e-04
7.286900e-04
7.495400e-04
6.450500e-04
6.952000e-04
7.433600e-04
7.589000e-04
7.433500e-04
7.943600e-04
7.706100e-04
7.642100e-04
7.246300e-04
7.601600e-04
6.209100e-04
6.468700e-04
7.928100e-04
7.737200e-04
5.885800e-04
6.596200e-04
7.273500e-04
6.956700e-04
7.694500e-04
6.616800e-04
6.693000e-04
6.915700e-04
6.528500e-04
7.673300e-04
7.337000e-04
7.676300e-04
7.696400e-04
6.667100e-04
7.685300e-04
6.676800e-04
6.990100e-04
6.228900e-04
6.792400e-04
8.035900e-04
6.002000e-04
6.181800e-04
7.789600e-04
5.757900e-04
6.473500e-04
6.949600e-04
7.661200e-04
7.642600e-04
6.908100e-04
5.839000e-04
6.602700e-04
6.672900e-04
6.658000e-04
7.825900e-04
5.973000e-04
6.863400e-04
7.714700e-04
7.622400e-04
8.508100e-04
6.682500e-04
6.737400e-04
6.211300e-04
6.709000e-04
7.580000e-04
7.127700e-04
7.037900e-04
7.141300e-04
7.570100e-04
6.769200e-04
7.401800e-04
7.957900e-04
6.904200e-04
6.850800e-04
6.808100e-04
7.130300e-04
6.316400e-04
7.090400e-04
7.517400e-04
6.712800e-04
7.119500e-04
6.655300e-04
7.078800e-04
6.486300e-04
8.308000e-04
7.462800e-04
6.623400e-04
7.480400e-04
8.666700e-04
6.269100e-04
7.650900e-04
7.711000e-04
6.947800e-04
7.303900e-04
6.538100e-04
6.155500e-04
7.203900e-04
6.619100e-04
7.486900e-04
6.714900e-04
6.760900e-04
8.612000e-04
6.877100e-04
6.730600e-04
6.348100e-04
8.483400e-04
7.409900e-04
6.641300e-04
6.417800e-04
6.259100e-04
7.380000e-04
7.576500e-04
7.509800e-04
7.012600e-04
6.288100e-04
7.260300e-04
6.494100e-04
6.661600e-04
7.599000e-04
7.784000e-04
7.132200e-04
7.705000e-04
7.453100e-04
6.747900e-04
6.680500e-04
7.762800e-04
5.643000e-04
7.697200e-04
7.393300e-04
6.013700e-04
5.891200e-04
8.245300e-04
7.154700e-04
6.134300e-04
7.936400e-04
6.054200e-04
7.606600e-04
6.502200e-04
7.074600e-04
6.609600e-04
7.319600e-04
8.085100e-04
8.116900e-04
7.636800e-04
8.447000e-04
6.740700e-04
6.329800e-04
8.106400e-04
7.471300e-04
7.489500e-04
7.062700e-04
6.516400e-04
6.674200e-04
6.342700e-04
8.431900e-04
6.693100e-04
7.549300e-04
5.862300e-04
7.512400e-04
7.707000e-04
6.554400e-04
7.923600e-04
6.741300e-04
7.095700e-04
6.159400e-04
6.881600e-04
8.006100e-04
7.538400e-04
6.310200e-04
6.623400e-04
6.915200e-04
7.432200e-04
8.725300e-04
5.987400e-04
6.054000e-04
7.694500e-04
7.408200e-04
6.706200e-04
7.333500e-04
7.727900e-04
6.628400e-04
6.639300e-04
7.392300e-04
6.303500e-04
7.246100e-04
6.606700e-04
6.923800e-04
6.828100e-04
7.525600e-04
6.872600e-04
7.957600e-04
6.920500e-04
7.986500e-04
6.341200e-04
6.999200e-04
6.441800e-04
6.548300e-04
7.756600e-04
6.695200e-04
6.556000e-04
8.396200e-04
7.400000e-04
6.700600e-04
7.554200e-04
8.029100e-04
6.049600e-04
6.276900e-04
7.437700e-04
5.892500e-04
6.515500e-04
6.974300e-04
6.732300e-04
8.553700e-04
6.499800e-04
8.004100e-04
8.684700e-04
7.466100e-04
6.971200e-04
6.505200e-04
6.017900e-04
6.891700e-04
7.286000e-04
7.304200e-04
8.312400e-04
6.453800e-04
6.963800e-04
7.740700e-04
8.226100e-04
6.401700e-04
7.087100e-04
6.221600e-04
8.160500e-04
7.626100e-04
6.431000e-04
6.590600e-04
6.202800e-04
5.836000e-04
7.159500e-04
7.780900e-04
7.675400e-04
8.342800e-04
7.084900e-04
6.897200e-04
7.689600e-04
7.133900e-04
8.056700e-04
6.373000e-04
6.758500e-04
6.514200e-04
7.803100e-04
6.829600e-04
7.237200e-04
7.803300e-04
8.059800e-04
5.941600e-04
6.279600e-04
8.505600e-04
7.787400e-04
7.294400e-04
7.533100e-04
6.235900e-04
7.484600e-04
6.891400e-04
6.149900e-04
8.224100e-04
7.591300e-04
5.858100e-04
6.687900e-04
6.638200e-04
7.130000e-04
7.118200e-04
7.506800e-04
5.835400e-04
7.286200e-04
6.391900e-04
7.185800e-04
8.250600e-04
5.806100e-04
7.769500e-04
6.287100e-04
7.596600e-04
7.364500e-04
7.629200e-04
6.893100e-04
7.046200e-04
6.814800e-04
7.736400e-04
6.386000e-04
7.883800e-04
7.108300e-04
7.016900e-04
7.404600e-04
8.015700e-04
7.183500e-04
7.865800e-04
7.249600e-04
6.750100e-04
7.450400e-04
6.874900e-04
6.880000e-04
6.318900e-04
7.063300e-04
7.108300e-04
6.512600e-04
7.620600e-04
6.820500e-04
6.624200e-04
6.779200e-04
5.960700e-04
7.602600e-04
8.185300e-04
7.676200e-04
7.834500e-04
5.475100e-04
5.809700e-04
7.946800e-04
8.024300e-04
6.643700e-04
6.649100e-04
5.790700e-04
6.418100e-04
8.073900e-04
5.928000e-04
8.141700e-04
6.008000e-04
6.210400e-04
5.913300e-04
7.452900e-04
6.025000e-04
7.157100e-04
7.304700e-04
7.774800e-04
6.852400e-04
6.848400e-04
6.048300e-04
7.016400e-04
5.988600e-04
6.628000e-04
8.150700e-04
6.851100e-04
7.782300e-04
6.706500e-04
5.851600e-04
7.036900e-04
7.025700e-04
6.863900e-04
6.862800e-04
6.300800e-04
7.044000e-04
7.864100e-04
7.551700e-04
7.217800e-04
6.587100e-04
6.530600e-04
6.831100e-04
7.750700e-04
6.248000e-04
8.247400e-04
8.596400e-04
7.347800e-04
7.477300e-04
7.618900e-04
6.286600e-04
7.277200e-04
6.316100e-04
7.342900e-04
5.882200e-04
7.224800e-04
7.567200e-04
7.676800e-04
6.789600e-04
6.782900e-04
6.682500e-04
5.709100e-04
8.072100e-04
7.572600e-04
7.585600e-04
7.649200e-04
5.610700e-04
6.266200e-04
7.011400e-04
7.555300e-04
6.415200e-04
7.344900e-04
5.923500e-04
6.486700e-04
6.531200e-04
7.140500e-04
7.875500e-04
7.277700e-04
6.920200e-04
6.085300e-04
6.653600e-04
7.618000e-04
7.223600e-04
7.479300e-04
6.143200e-04
7.285700e-04
7.611200e-04
7.339500e-04
7.003000e-04
6.818300e-04
6.607100e-04
6.268000e-04
7.361800e-04
8.375400e-04
7.615800e-04
8.191400e-04
6.304700e-04
6.690200e-04
6.445400e-04
7.176800e-04
6.453800e-04
5.964100e-04
6.748800e-04
5.972800e-04
7.368000e-04
8.179300e-04
7.580400e-04
7.037700e-04
7.844000e-04
7.190200e-04
7.565900e-04
8.014800e-04
7.229600e-04
5.792600e-04
6.975200e-04
7.491300e-04
6.235200e-04
5.912900e-04
6.994300e-04
7.131500e-04
7.439700e-04
5.912000e-04
7.118700e-04
6.740400e-04
6.518800e-04
6.813600e-04
7.387900e-04
6.398800e-04
7.341100e-04
6.899200e-04
6.601100e-04
6.351300e-04
7.507200e-04
7.170000e-04
7.244200e-04
7.204600e-04
6.791700e-04
6.904100e-04
7.009400e-04
7.461700e-04
6.996100e-04
7.726700e-04
8.685500e-04
6.896000e-04
7.261200e-04
7.014400e-04
6.921900e-04
7.643200e-04
7.395200e-04
6.799800e-04
7.076800e-04
7.796900e-04
6.745400e-04
7.810400e-04
6.759000e-04
7.079800e-04
8.532400e-04
7.040900e-04
5.972300e-04
7.142700e-04
6.629000e-04
6.159000e-04
7.667000e-04
6.818400e-04
7.887600e-04
6.871500e-04
6.296200e-04
6.714100e-04
7.781800e-04
8.419800e-04
8.165000e-04
6.670700e-04
7.021000e-04
7.044800e-04
7.299800e-04
7.217200e-04
6.452200e-04
6.314200e-04
7.440600e-04
6.152400e-04
6.707600e-04
6.837800e-04
6.441000e-04
6.578700e-04
6.138300e-04
7.058000e-04
7.628400e-04
6.579200e-04
7.117600e-04
6.969300e-04
6.780300e-04
6.940600e-04
7.144000e-04
6.865900e-04
6.448900e-04
6.838400e-04
7.694800e-04
6.683800e-04
7.124800e-04
6.414100e-04
7.127900e-04
7.845400e-04
7.193100e-04
6.575300e-04
6.826700e-04
7.007700e-04
7.294500e-04
7.587500e-04
7.737700e-04
6.371700e-04
7.159800e-04
7.382000e-04
7.026700e-04
7.276100e-04
8.147800e-04
7.619000e-04
6.320800e-04
6.221800e-04
7.987000e-04
7.020000e-04
6.330100e-04
8.014000e-04
5.838700e-04
6.241500e-04
7.758300e-04
5.965600e-04
7.089500e-04
8.016500e-04
7.908500e-04
6.917400e-04
6.616400e-04
6.678700e-04
6.694400e-04
5.881500e-04
6.403400e-04
6.959300e-04
6.359200e-04
6.580600e-04
6.857400e-04
7.430800e-04
7.297400e-04
7.536500e-04
7.294700e-04
7.279000e-04
8.041400e-04
6.671200e-04
5.374000e-04
7.244800e-04
7.334700e-04
6.357800e-04
7.529700e-04
7.610100e-04
6.376100e-04
7.164900e-04
7.958200e-04
6.891000e-04
6.181400e-04
5.932800e-04
8.409300e-04
6.133500e-04
6.631100e-04
7.616100e-04
6.710100e-04
7.303300e-04
6.150400e-04
8.307000e-04
7.043600e-04
7.750700e-04
6.177100e-04
5.470700e-04
7.245900e-04
6.900000e-04
6.489700e-04
7.080300e-04
7.905500e-04
7.069200e-04
7.164600e-04
7.115000e-04
6.530500e-04
7.328100e-04
6.661300e-04
5.647600e-04
7.368900e-04
6.952200e-04
7.758200e-04
6.805400e-04
7.523400e-04
7.007300e-04
6.863200e-04
7.075500e-04
7.972100e-04
8.095100e-04
6.335100e-04
8.431300e-04
8.150500e-04
7.018700e-04
7.640700e-04
6.156500e-04
7.395500e-04
7.598600e-04
5.886000e-04
7.446200e-04
7.384800e-04
6.270700e-04
5.991600e-04
6.667000e-04
5.868600e-04
7.129600e-04
7.880000e-04
7.090500e-04
8.099800e-04
6.521500e-04
6.814100e-04
8.590200e-04
6.579000e-04
7.201300e-04
7.096500e-04
7.285100e-04
7.551300e-04
7.127200e-04
6.465200e-04
7.141500e-04
6.748600e-04
7.341200e-04
7.141200e-04
7.619800e-04
7.757000e-04
6.678500e-04
6.501200e-04
6.748800e-04
7.963400e-04
6.738700e-04
6.339000e-04
5.922600e-04
7.063500e-04
6.248500e-04
6.383600e-04
8.189400e-04
7.818500e-04
6.818600e-04
7.219900e-04
6.247300e-04
8.297900e-04
8.540700e-04
6.962700e-04
6.407800e-04
7.105600e-04
8.104200e-04
8.277600e-04
6.312900e-04
7.086900e-04
7.450300e-04
6.838300e-04
7.596000e-04
7.495100e-04
7.015900e-04
7.026500e-04
7.700900e-04
7.922300e-04
5.631800e-04
8.293800e-04
7.630100e-04
6.344900e-04
7.999700e-04
8.128700e-04
6.873700e-04
6.729700e-04
6.376600e-04
7.044900e-04
7.732800e-04
7.372500e-04
8.112500e-04
6.280800e-04
8.370800e-04
7.034200e-04
7.720800e-04
6.241600e-04
7.901500e-04
6.978200e-04
7.536700e-04
7.267600e-04
6.316300e-04
5.587000e-04
6.784400e-04
6.097500e-04
7.482400e-04
6.204500e-04
8.131100e-04
5.554300e-04
6.269100e-04
6.722100e-04
7.222200e-04
7.121800e-04
6.051300e-04
6.936600e-04
7.098600e-04
6.281200e-04
7.488300e-04
7.133000e-04
7.208800e-04
7.917300e-04
6.313600e-04
6.442100e-04
8.530000e-04
6.997600e-04
6.979400e-04
7.727500e-04
7.350300e-04
7.030300e-04
7.446200e-04
7.074100e-04
6.913300e-04
7.494000e-04
7.265700e-04
7.635900e-04
7.398600e-04
5.937300e-04
7.242500e-04
7.392200e-04
7.835000e-04
7.522300e-04
7.491000e-04
5.532600e-04
7.515400e-04
7.958400e-04
7.194500e-04
6.365000e-04
6.819100e-04
6.955000e-04
6.953400e-04
7.295900e-04
7.265200e-04
6.852800e-04
6.469000e-04
7.337400e-04
6.371200e-04
6.724100e-04
6.458900e-04
7.018700e-04
7.230200e-04
7.061800e-04
7.215100e-04
6.856200e-04
7.382300e-04
6.324900e-04
7.375300e-04
6.120400e-04
6.835000e-04
7.193900e-04
7.310000e-04
7.644600e-04
6.275900e-04
7.607900e-04
6.624800e-04
7.137200e-04
7.728200e-04
6.502400e-04
6.005300e-04
7.156700e-04
7.514100e-04
6.386600e-04
7.730600e-04
8.136300e-04
7.065200e-04
6.933200e-04
8.038400e-04
6.592700e-04
7.706100e-04
8.485900e-04
7.691900e-04
7.370400e-04
7.480900e-04
7.128200e-04
8.497600e-04
6.406000e-04
6.235700e-04
7.335500e-04
7.789600e-04
7.014200e-04
8.380700e-04
6.217600e-04
6.434800e-04
6.781200e-04
6.224700e-04
6.803600e-04
7.036800e-04
7.910400e-04
6.326900e-04
7.179400e-04
6.597200e-04
6.297700e-04
6.857100e-04
7.317400e-04
5.718200e-04
7.031500e-04
5.970600e-04
7.541300e-04
6.255700e-04
5.865200e-04
6.688500e-04
7.067300e-04
8.078900e-04
7.034800e-04
7.795900e-04
7.303200e-04
8.539000e-04
7.736700e-04
7.966300e-04
6.570300e-04
6.770400e-04
7.607600e-04
5.470900e-04
7.612500e-04
5.983900e-04
6.237600e-04
7.614400e-04
7.187900e-04
6.324100e-04
6.737500e-04
6.351500e-04
7.971700e-04
6.404100e-04
6.504000e-04
7.120900e-04
6.438800e-04
6.422500e-04
8.146100e-04
7.626100e-04
6.771800e-04
7.919000e-04
6.621800e-04
6.844400e-04
6.618000e-04
8.147100e-04
7.111500e-04
6.649700e-04
6.274600e-04
6.562400e-04
7.440600e-04
6.801800e-04
7.249700e-04
7.472500e-04
6.373200e-04
6.780500e-04
8.160000e-04
6.092700e-04
8.490200e-04
7.688500e-04
7.053100e-04
6.709800e-04
6.505300e-04
7.887600e-04
7.296700e-04
8.103600e-04
6.241700e-04
6.922500e-04
7.313000e-04
7.493800e-04
6.286700e-04
6.914300e-04
6.734100e-04
6.542400e-04
6.875400e-04
7.948100e-04
7.251000e-04
6.545100e-04
7.409200e-04
7.113500e-04
6.053500e-04
6.594200e-04
7.273700e-04
7.219400e-04
5.417800e-04
7.368600e-04
7.162900e-04
7.130300e-04
7.928500e-04
5.883100e-04
7.660300e-04
7.630800e-04
6.710800e-04
7.664300e-04
7.532000e-04
6.760400e-04
7.594600e-04
5.826000e-04
7.584900e-04
7.546900e-04
5.832600e-04
6.669900e-04
6.698300e-04
8.145300e-04
6.149300e-04
6.712400e-04
7.922700e-04
5.979700e-04
7.984400e-04
5.926200e-04
6.601000e-04
8.161700e-04
6.947000e-04
7.293000e-04
6.639800e-04
7.834900e-04
7.480500e-04
7.158400e-04
7.270900e-04
7.430300e-04
7.364700e-04
7.827500e-04
7.851900e-04
6.291300e-04
7.385000e-04
6.343900e-04
6.327800e-04
6.715300e-04
7.659900e-04
7.711700e-04
7.554100e-04
7.274800e-04
5.709800e-04
6.797300e-04
6.811200e-04
6.861400e-04
7.679700e-04
6.837500e-04
7.916800e-04
5.615800e-04
7.210200e-04
6.352300e-04
7.148400e-04
7.138600e-04
6.871000e-04
6.736500e-04
6.521400e-04
6.774000e-04
7.648600e-04
5.513600e-04
6.426700e-04
6.357900e-04
7.019000e-04
7.572400e-04
5.981200e-04
6.992600e-04
6.776300e-04
7.538400e-04
6.766900e-04
7.184600e-04
7.098500e-04
6.338500e-04
7.169800e-04
7.276600e-04
7.155900e-04
5.672800e-04
6.318200e-04
7.478300e-04
6.183500e-04
6.822300e-04
7.005400e-04
7.571000e-04
7.636900e-04
6.911700e-04
7.169200e-04
6.781300e-04
8.030400e-04
7.061100e-04
6.354900e-04
6.893400e-04
6.063100e-04
7.643500e-04
8.600000e-04
5.469700e-04
5.966800e-04
6.672000e-04
7.961300e-04
7.665000e-04
6.687800e-04
6.969100e-04
7.678900e-04
7.098700e-04
7.714100e-04
7.201100e-04
8.169800e-04
6.717800e-04
7.057700e-04
6.698700e-04
8.226000e-04
8.045800e-04
7.200800e-04
6.663000e-04
6.998700e-04
7.986600e-04
7.655600e-04
8.145800e-04
7.002100e-04
6.935700e-04
7.369800e-04
6.677700e-04
7.168100e-04
8.027300e-04
7.525300e-04
8.099400e-04
7.523500e-04
6.303900e-04
7.946600e-04
8.504000e-04
7.253500e-04
7.737200e-04
7.128600e-04
8.025000e-04
7.286100e-04
7.033400e-04
7.594300e-04
6.910700e-04
6.995600e-04
6.969000e-04
7.614000e-04
6.379400e-04
7.389900e-04
6.417400e-04
7.963900e-04
7.012100e-04
6.548700e-04
7.633700e-04
7.782800e-04
7.061900e-04
7.114300e-04
7.847100e-04
8.047700e-04
8.407800e-04
7.558600e-04
7.587400e-04
5.804700e-04
7.370400e-04
6.399700e-04
6.786000e-04
8.126200e-04
6.886700e-04
7.566000e-04
5.723200e-04
7.437200e-04
6.921000e-04
7.136900e-04
5.814300e-04
6.695500e-04
6.223400e-04
7.039000e-04
6.391600e-04
7.703200e-04
8.471900e-04
7.283200e-04
6.929900e-04
6.560100e-04
6.945500e-04
6.938400e-04
7.722900e-04
6.153600e-04
6.045600e-04
7.851200e-04
5.903900e-04
7.333900e-04
7.365800e-04
7.148200e-04
5.983400e-04
7.070600e-04
7.604400e-04
6.964600e-04
6.519300e-04
7.280000e-04
7.286000e-04
7.594400e-04
8.010500e-04
6.270600e-04
7.687200e-04
7.519600e-04
6.848200e-04
5.577300e-04
8.397400e-04
7.202700e-04
7.613300e-04
6.977600e-04
6.773100e-04
7.445900e-04
7.038000e-04
6.987000e-04
5.984700e-04
7.118400e-04
6.500700e-04
7.820700e-04
7.280300e-04
7.784900e-04
7.705500e-04
6.674800e-04
7.373300e-04
6.496300e-04
8.542600e-04
8.545500e-04
6.609300e-04
6.316700e-04
6.600100e-04
7.909300e-04
8.192600e-04
6.690400e-04
7.387400e-04
6.921200e-04
6.520400e-04
6.353600e-04
7.083000e-04
6.037900e-04
6.479200e-04
8.301400e-04
6.777400e-04
6.646500e-04
6.535600e-04
5.927900e-04
7.268200e-04
6.231600e-04
7.146300e-04
6.365500e-04
5.265300e-04
6.881000e-04
7.037100e-04
6.695100e-04
7.254600e-04
7.977300e-04
7.525400e-04
6.815500e-04
7.142900e-04
5.448000e-04
7.486900e-04
7.115800e-04
7.046800e-04
6.821800e-04
6.923600e-04
5.938400e-04
7.309700e-04
6.725900e-04
7.736200e-04
6.807600e-04
7.732200e-04
8.199800e-04
6.819500e-04
6.577000e-04
8.050900e-04
8.194900e-04
7.262000e-04
6.614400e-04
5.874400e-04
8.468300e-04
7.242400e-04
7.304200e-04
7.394600e-04
5.980500e-04
7.587700e-04
5.760100e-04
8.233700e-04
7.236900e-04
6.990200e-04
7.259500e-04
6.603000e-04
7.588600e-04
6.767200e-04
7.239500e-04
8.130200e-04
7.899700e-04
6.109300e-04
7.874600e-04
7.336400e-04
7.781700e-04
5.314400e-04
7.645600e-04
6.429300e-04
7.117500e-04
7.064500e-04
7.377300e-04
6.361400e-04
6.366900e-04
7.328700e-04
5.805400e-04
7.967000e-04
8.000600e-04
6.409700e-04
8.159400e-04
7.368800e-04
7.298700e-04
6.494400e-04
7.158200e-04
6.565900e-04
6.731400e-04
8.176500e-04
7.314000e-04
7.399300e-04
7.824400e-04
6.844000e-04
7.399000e-04
6.915800e-04
6.595600e-04
6.977200e-04
6.959400e-04
7.733000e-04
6.732200e-04
6.572000e-04
5.429500e-04
5.902600e-04
7.099300e-04
7.818700e-04
6.301800e-04
7.570300e-04
7.520200e-04
7.619800e-04
7.305500e-04
7.651600e-04
6.334300e-04
6.018500e-04
6.281300e-04
6.254300e-04
7.960000e-04
8.089800e-04
7.370900e-04
8.339700e-04
7.267800e-04
6.108300e-04
8.070500e-04
7.557200e-04
6.768000e-04
6.373600e-04
5.829000e-04
6.407100e-04
6.862800e-04
7.960000e-04
8.168600e-04
7.280900e-04
8.031600e-04
6.441700e-04
7.170300e-04
7.031500e-04
7.237900e-04
6.370300e-04
7.449200e-04
7.529600e-04
7.770700e-04
7.365300e-04
6.397900e-04
7.362100e-04
6.590000e-04
5.851800e-04
6.313400e-04
6.622700e-04
7.189600e-04
7.744600e-04
8.068200e-04
6.688900e-04
8.495100e-04
8.078600e-04
7.857000e-04
6.141300e-04
8.121400e-04
6.619500e-04
6.802100e-04
6.400700e-04
5.866600e-04
7.957800e-04
7.340000e-04
6.637100e-04
7.838100e-04
7.736600e-04
6.941700e-04
7.749200e-04
5.551500e-04
7.060800e-04
6.152900e-04
7.630900e-04
7.845800e-04
8.415600e-04
7.004700e-04
7.258800e-04
6.381200e-04
7.107900e-04
6.021500e-04
7.188300e-04
6.927500e-04
6.511900e-04
7.821300e-04
7.710600e-04
5.904500e-04
6.369700e-04
7.744300e-04
6.893500e-04
6.697400e-04
6.641700e-04
6.269200e-04
7.721600e-04
7.742500e-04
6.565400e-04
7.144400e-04
6.476800e-04
7.681300e-04
6.482800e-04
7.837200e-04
7.262900e-04
7.729200e-04
7.655800e-04
8.134400e-04
8.342300e-04
5.993100e-04
7.244300e-04
6.681400e-04
7.170000e-04
8.350500e-04
5.842800e-04
7.469600e-04
6.914700e-04
7.976900e-04
6.843800e-04
6.645400e-04
8.192400e-04
7.291500e-04
7.090500e-04
6.692200e-04
5.905500e-04
7.011800e-04
8.328900e-04
5.812900e-04
5.973900e-04
6.017300e-04
6.160000e-04
7.610000e-04
5.926800e-04
5.997400e-04
6.803900e-04
7.719200e-04
6.730000e-04
8.107100e-04
6.777900e-04
7.455500e-04
6.610100e-04
6.399100e-04
6.449300e-04
6.136200e-04
7.014200e-04
7.670600e-04
7.453300e-04
7.800100e-04
5.998100e-04
7.781200e-04
6.860000e-04
7.466900e-04
5.977700e-04
7.650200e-04
7.096700e-04
6.212500e-04
8.590800e-04
7.180300e-04
6.899600e-04
6.903000e-04
7.025400e-04
7.213000e-04
6.896700e-04
7.018400e-04
6.533100e-04
7.475400e-04
7.808400e-04
8.456600e-04
6.725300e-04
7.172500e-04
7.873200e-04
6.898500e-04
7.003100e-04
6.980900e-04
6.347200e-04
7.665400e-04
6.965900e-04
5.983900e-04
6.861300e-04
7.651200e-04
6.754000e-04
6.204600e-04
6.236200e-04
8.442600e-04
7.635000e-04
7.161900e-04
6.654800e-04
6.917900e-04
7.235600e-04
6.635100e-04
7.762600e-04
6.699600e-04
7.640800e-04
7.375600e-04
7.510200e-04
6.656100e-04
5.450400e-04
7.841700e-04
7.685700e-04
6.669400e-04
7.006300e-04
7.749200e-04
6.438900e-04
6.863500e-04
7.455400e-04
6.460600e-04
7.205400e-04
7.956600e-04
7.391300e-04
7.957700e-04
6.813400e-04
6.948200e-04
7.410100e-04
5.685800e-04
7.374200e-04
7.946200e-04
6.848600e-04
6.975900e-04
6.292800e-04
6.487300e-04
7.392000e-04
6.869200e-04
8.481700e-04
8.290500e-04
6.645500e-04
6.860100e-04
7.710500e-04
7.314800e-04
6.250900e-04
6.004200e-04
7.315600e-04
8.326900e-04
5.422400e-04
7.215500e-04
6.009200e-04
7.684200e-04
7.708900e-04
7.393100e-04
7.545300e-04
7.322000e-04
7.840800e-04
7.535500e-04
7.194700e-04
7.480400e-04
6.428700e-04
7.321600e-04
7.032800e-04
6.227700e-04
6.854200e-04
8.455800e-04
8.007600e-04
6.734900e-04
5.529000e-04
7.817500e-04
7.910200e-04
6.083500e-04
6.619500e-04
7.264800e-04
6.349700e-04
6.351600e-04
7.175500e-04
6.223300e-04
7.423800e-04
7.404700e-04
6.837800e-04
6.158800e-04
6.855500e-04
7.793800e-04
7.247700e-04
6.228000e-04
7.805500e-04
7.590200e-04
7.738200e-04
6.578500e-04
6.299800e-04
5.725200e-04
7.930800e-04
6.630400e-04
6.493000e-04
7.866800e-04
7.002000e-04
7.902600e-04
7.438800e-04
6.822300e-04
7.354800e-04
8.197400e-04
6.208300e-04
6.412700e-04
8.484800e-04
7.114000e-04
7.396700e-04
7.153100e-04
6.870900e-04
6.865200e-04
7.212100e-04
6.645600e-04
6.136300e-04
7.309100e-04
6.868500e-04
6.863400e-04
6.409200e-04
6.228100e-04
7.321300e-04
6.595700e-04
7.890200e-04
7.380200e-04
7.193000e-04
7.376400e-04
7.287000e-04
7.738000e-04
6.562900e-04
6.925500e-04
6.446300e-04
8.163800e-04
5.774300e-04
6.892600e-04
5.677500e-04
6.012500e-04
8.077400e-04
7.164300e-04
7.572000e-04
7.083900e-04
6.386700e-04
7.249900e-04
7.106900e-04
7.045400e-04
5.816200e-04
6.884100e-04
7.472300e-04
6.688000e-04
7.789700e-04
5.899400e-04
6.516600e-04
5.590300e-04
6.535000e-04
7.218100e-04
7.978800e-04
6.871100e-04
7.828600e-04
7.301000e-04
6.747900e-04
6.777900e-04
7.369400e-04
7.003400e-04
6.995100e-04
7.056300e-04
6.337200e-04
6.812800e-04
7.942100e-04
7.161500e-04
6.751200e-04
7.154000e-04
7.663900e-04
6.721500e-04
7.382600e-04
8.141400e-04
6.533000e-04
7.958000e-04
7.612200e-04
6.218200e-04
6.202900e-04
6.543400e-04
7.049300e-04
7.283900e-04
7.931600e-04
7.694600e-04
6.821700e-04
7.170100e-04
6.785500e-04
5.958300e-04
6.638300e-04
8.509600e-04
6.221400e-04
7.345300e-04
7.225400e-04
6.550900e-04
7.207900e-04
6.079100e-04
6.735100e-04
6.598700e-04
7.740900e-04
6.560200e-04
5.836200e-04
5.912800e-04
8.162000e-04
6.990000e-04
5.872800e-04
6.902400e-04
7.224100e-04
7.616900e-04
6.188200e-04
6.329500e-04
8.248900e-04
6.449000e-04
8.034400e-04
6.669200e-04
7.962500e-04
7.890000e-04
6.411300e-04
8.189300e-04
5.892100e-04
7.578400e-04
6.553100e-04
8.320000e-04
6.697900e-04
6.861200e-04
7.295300e-04
8.109300e-04
7.301300e-04
5.670200e-04
7.630800e-04
6.174500e-04
7.177100e-04
6.666100e-04
8.526500e-04
6.277700e-04
7.347400e-04
5.989600e-04
8.233200e-04
8.184300e-04
7.279700e-04
7.297400e-04
5.942100e-04
7.925100e-04
6.874900e-04
7.713500e-04
7.913300e-04
7.419700e-04
7.526000e-04
7.918400e-04
6.919900e-04
6.784400e-04
6.701400e-04
5.502700e-04
5.588700e-04
8.136600e-04
8.168900e-04
5.479200e-04
7.623100e-04
7.537800e-04
7.537600e-04
7.392400e-04
8.438900e-04
6.621500e-04
7.988400e-04
5.602800e-04
6.504800e-04
7.947900e-04
7.071600e-04
6.566500e-04
7.276200e-04
8.090400e-04
6.857500e-04
8.218300e-04
7.169500e-04
5.638000e-04
7.200500e-04
7.270800e-04
7.790700e-04
6.712000e-04
6.859700e-04
8.498300e-04
7.638000e-04
7.634400e-04
7.267100e-04
6.682200e-04
6.676000e-04
6.045900e-04
6.741100e-04
7.275500e-04
6.413400e-04
7.319200e-04
6.158500e-04
7.122400e-04
7.213300e-04
6.914100e-04
7.020200e-04
5.985900e-04
7.983500e-04
7.698700e-04
7.994500e-04
7.612300e-04
6.231100e-04
7.121500e-04
7.055200e-04
7.911900e-04
6.306900e-04
7.746400e-04
7.925300e-04
6.935200e-04
6.098100e-04
7.164500e-04
7.762100e-04
6.456600e-04
6.207100e-04
6.520600e-04
7.003200e-04
5.926300e-04
6.354100e-04
7.102700e-04
7.011600e-04
7.276100e-04
7.300800e-04
6.809200e-04
7.359300e-04
7.169600e-04
5.388200e-04
7.712600e-04
6.642700e-04
7.542300e-04
5.475900e-04
7.204900e-04
6.849600e-04
6.633000e-04
5.825300e-04
7.322600e-04
6.892100e-04
7.491000e-04
7.303100e-04
6.441400e-04
7.891900e-04
8.290800e-04
6.342000e-04
6.343000e-04
7.321100e-04
7.100100e-04
7.007900e-04
6.671700e-04
6.037900e-04
7.426600e-04
7.912500e-04
5.954200e-04
8.278000e-04
7.005500e-04
7.703800e-04
7.045000e-04
6.924700e-04
8.176900e-04
6.910500e-04
6.396400e-04
6.215300e-04
6.430700e-04
6.415000e-04
5.582600e-04
6.104000e-04
6.844300e-04
5.510000e-04
7.918500e-04
6.837000e-04
6.733200e-04
6.719900e-04
6.787300e-04
6.989900e-04
6.661900e-04
6.214200e-04
7.362500e-04
6.948900e-04
7.155000e-04
6.037700e-04
6.389800e-04
6.305900e-04
6.074000e-04
8.526400e-04
7.938300e-04
7.059900e-04
7.093000e-04
7.204500e-04
7.776700e-04
7.069200e-04
6.205300e-04
6.225700e-04
6.796800e-04
7.107900e-04
6.976600e-04
7.261300e-04
7.066900e-04
7.361600e-04
6.953600e-04
7.458100e-04
7.924500e-04
6.307700e-04
7.402500e-04
6.312300e-04
7.542000e-04
6.037900e-04
7.556700e-04
7.976800e-04
8.100900e-04
6.695800e-04
5.956900e-04
7.997200e-04
7.488500e-04
7.641000e-04
5.999900e-04
6.394300e-04
7.694400e-04
8.235700e-04
6.250700e-04
8.416600e-04
7.703000e-04
6.714600e-04
6.912200e-04
7.198800e-04
6.633200e-04
6.661700e-04
7.760100e-04
7.704300e-04
6.767500e-04
6.653500e-04
6.998600e-04
8.291000e-04
5.582900e-04
7.687600e-04
8.002600e-04
7.459900e-04
8.599900e-04
6.207900e-04
6.490100e-04
7.221400e-04
6.958800e-04
6.354200e-04
6.451200e-04
6.465300e-04
6.430400e-04
7.726300e-04
8.106200e-04
7.062300e-04
6.167600e-04
6.798800e-04
6.291900e-04
7.167600e-04
6.323600e-04
7.076900e-04
7.062700e-04
6.367400e-04
6.755800e-04
5.964500e-04
6.927300e-04
8.447200e-04
7.560300e-04
6.577100e-04
7.111000e-04
7.069500e-04
7.564600e-04
6.524700e-04
7.006900e-04
6.538400e-04
7.254500e-04
8.037400e-04
8.106500e-04
6.581500e-04
6.856300e-04
7.953200e-04
7.357100e-04
6.704100e-04
5.912300e-04
7.668500e-04
7.353300e-04
5.458500e-04
6.925700e-04
6.167900e-04
7.006000e-04
6.117900e-04
6.670900e-04
8.138300e-04
7.459200e-04
7.811000e-04
6.507000e-04
6.645700e-04
7.763200e-04
7.789100e-04
7.065600e-04
7.966800e-04
5.661300e-04
6.960300e-04
7.003400e-04
8.544200e-04
8.511100e-04
7.973000e-04
7.735300e-04
7.585700e-04
8.539600e-04
7.391300e-04
7.647900e-04
6.220000e-04
7.432300e-04
8.602700e-04
6.336600e-04
6.779600e-04
5.409500e-04
6.867900e-04
5.440600e-04
5.839500e-04
7.937900e-04
8.061600e-04
7.174100e-04
6.027900e-04
7.062400e-04
6.838000e-04
6.333500e-04
6.698700e-04
6.655100e-04
6.550800e-04
7.397300e-04
6.032500e-04
6.858400e-04
7.322300e-04
6.453300e-04
7.641900e-04
7.635400e-04
7.183400e-04
6.782700e-04
8.039700e-04
7.174800e-04
8.040700e-04
6.606900e-04
7.942800e-04
6.409600e-04
7.650100e-04
5.880700e-04
5.814200e-04
7.993200e-04
7.473400e-04
7.134200e-04
7.494000e-04
7.270400e-04
7.175600e-04
6.515700e-04
6.251300e-04
6.361500e-04
7.159200e-04
7.100700e-04
8.964300e-04
6.663700e-04
8.134600e-04
7.620900e-04
6.876700e-04
6.311600e-04
7.039600e-04
5.921400e-04
5.778700e-04
6.834500e-04
6.677300e-04
7.240600e-04
6.406500e-04
7.303800e-04
7.875500e-04
7.208400e-04
6.332600e-04
8.171300e-04
7.567500e-04
7.276700e-04
6.948400e-04
7.593200e-04
6.100300e-04
8.557900e-04
7.792500e-04
6.492200e-04
5.687500e-04
8.089900e-04
7.062200e-04
7.738400e-04
8.348900e-04
6.495500e-04
6.025600e-04
6.130800e-04
7.439900e-04
7.354600e-04
7.481500e-04
6.015400e-04
7.619000e-04
8.329000e-04
6.866000e-04
7.841500e-04
6.619600e-04
7.023700e-04
7.331700e-04
8.378000e-04
7.380100e-04
6.963200e-04
6.323100e-04
5.578100e-04
7.110000e-04
6.557100e-04
7.326100e-04
6.445400e-04
8.577800e-04
6.484800e-04
6.539100e-04
7.470700e-04
6.385900e-04
6.579400e-04
6.930200e-04
7.268000e-04
6.254600e-04
5.562700e-04
5.903400e-04
6.862200e-04
6.248900e-04
7.575000e-04
8.853800e-04
6.997900e-04
7.884300e-04
7.278400e-04
6.122600e-04
6.672000e-04
7.718700e-04
5.562100e-04
6.789300e-04
8.051700e-04
7.545900e-04
7.647500e-04
8.032000e-04
6.161100e-04
7.435000e-04
7.719400e-04
6.773800e-04
6.702400e-04
7.214400e-04
7.683800e-04
7.699800e-04
5.603500e-04
8.121500e-04
6.055200e-04
7.139300e-04
7.642800e-04
6.680500e-04
8.329800e-04
8.488700e-04
6.147900e-04
7.615100e-04
8.088900e-04
6.795800e-04
7.099300e-04
7.513500e-04
7.132200e-04
7.258300e-04
6.913400e-04
6.083200e-04
6.898600e-04
7.772900e-04
6.646200e-04
5.553200e-04
6.311100e-04
6.208000e-04
6.145800e-04
6.792600e-04
6.433600e-04
6.611300e-04
6.541900e-04
7.458200e-04
6.963100e-04
6.828000e-04
7.278500e-04
6.561400e-04
6.996000e-04
7.074800e-04
6.815800e-04
6.979500e-04
6.442900e-04
7.093800e-04
6.732900e-04
7.493000e-04
6.550800e-04
5.966200e-04
7.438500e-04
6.958800e-04
7.303500e-04
5.983700e-04
6.312100e-04
6.059600e-04
8.166500e-04
5.449000e-04
6.757400e-04
7.018300e-04
6.626300e-04
7.191000e-04
6.752500e-04
5.471600e-04
7.747700e-04
7.401500e-04
6.623300e-04
8.166700e-04
8.163800e-04
7.911600e-04
5.615400e-04
6.863400e-04
6.267900e-04
6.799600e-04
7.031500e-04
7.774900e-04
6.625300e-04
6.406800e-04
6.754900e-04
7.113900e-04
6.831500e-04
8.265100e-04
6.700900e-04
7.308900e-04
6.269200e-04
6.801500e-04
7.018700e-04
7.669200e-04
5.960000e-04
8.289100e-04
7.434100e-04
6.148400e-04
6.956500e-04
6.860700e-04
7.442000e-04
7.901000e-04
7.472100e-04
5.551900e-04
5.898000e-04
6.597100e-04
6.715400e-04
7.694700e-04
6.654600e-04
7.771000e-04
7.596100e-04
8.101200e-04
7.133100e-04
7.523600e-04
7.636100e-04
6.714300e-04
6.518200e-04
7.250000e-04
7.448100e-04
6.458100e-04
7.547900e-04
7.875000e-04
6.958600e-04
6.920200e-04
7.040500e-04
7.573800e-04
6.292100e-04
6.856500e-04
7.876500e-04
6.892200e-04
7.648800e-04
6.908100e-04
7.158400e-04
6.740700e-04
7.542500e-04
8.107400e-04
6.353000e-04
6.888800e-04
5.828000e-04
8.088000e-04
7.690500e-04
6.968400e-04
6.972000e-04
7.230100e-04
7.666500e-04
8.138700e-04
7.294400e-04
6.768800e-04
6.529500e-04
7.223200e-04
7.011600e-04
6.510500e-04
7.666300e-04
7.058900e-04
5.989300e-04
7.403600e-04
8.317400e-04
6.682700e-04
7.696100e-04
7.552900e-04
6.672500e-04
8.330200e-04
6.533400e-04
5.034400e-04
7.635900e-04
7.688200e-04
6.288400e-04
6.896500e-04
7.757200e-04
6.925500e-04
6.258700e-04
6.582000e-04
7.017500e-04
6.261600e-04
6.289400e-04
5.671300e-04
6.644400e-04
7.087600e-04
7.353700e-04
6.994800e-04
7.329100e-04
8.234300e-04
7.017600e-04
7.136200e-04
7.754500e-04
7.070100e-04
6.218400e-04
8.288000e-04
6.651600e-04
7.295000e-04
6.403100e-04
5.714500e-04
7.149700e-04
7.649800e-04
5.966400e-04
7.174600e-04
7.287700e-04
7.807700e-04
6.637200e-04
7.920700e-04
8.003300e-04
6.885400e-04
7.083000e-04
7.176200e-04
7.316400e-04
6.001800e-04
7.376000e-04
7.315400e-04
7.273000e-04
7.245200e-04
7.280200e-04
6.865800e-04
7.230500e-04
7.315000e-04
7.194500e-04
6.616300e-04
7.722200e-04
6.269800e-04
7.222700e-04
8.133900e-04
6.750000e-04
6.542100e-04
7.256900e-04
7.043800e-04
7.956700e-04
6.954100e-04
7.146600e-04
7.086900e-04
6.585300e-04
5.661500e-04
5.759100e-04
6.703300e-04
7.397000e-04
7.582800e-04
8.546000e-04
5.612000e-04
6.391200e-04
6.733200e-04
8.103200e-04
6.017900e-04
7.870400e-04
7.942000e-04
6.764300e-04
7.138500e-04
7.011500e-04
7.275300e-04
6.386900e-04
7.184200e-04
7.134400e-04
6.868500e-04
7.348600e-04
7.335400e-04
7.625800e-04
7.165700e-04
7.480100e-04
8.199700e-04
6.159200e-04
6.311900e-04
7.222200e-04
7.062500e-04
7.231700e-04
7.005400e-04
5.406500e-04
7.556000e-04
7.221500e-04
6.197600e-04
7.267400e-04
6.512500e-04
6.413700e-04
6.208200e-04
6.383800e-04
6.584700e-04
6.472800e-04
7.364200e-04
7.699400e-04
6.537000e-04
6.236900e-04
6.597900e-04
7.546200e-04
7.656000e-04
7.316000e-04
7.837400e-04
7.727600e-04
7.615000e-04
5.800500e-04
5.666700e-04
7.070800e-04
7.865900e-04
6.265100e-04
7.293300e-04
7.069100e-04
7.031800e-04
6.224200e-04
6.140000e-04
6.676400e-04
7.400800e-04
7.680300e-04
8.027500e-04
6.762100e-04
6.846400e-04
7.699800e-04
6.169400e-04
6.906900e-04
7.517200e-04
5.916400e-04
7.470700e-04
7.533000e-04
7.996400e-04
6.884300e-04
7.674700e-04
5.605800e-04
7.540700e-04
6.125900e-04
6.285000e-04
6.749200e-04
6.477000e-04
7.576700e-04
7.139900e-04
7.638200e-04
7.060800e-04
5.913700e-04
8.456700e-04
6.387000e-04
7.303200e-04
7.567700e-04
6.029800e-04
6.332100e-04
6.130100e-04
7.054000e-04
6.647200e-04
8.420400e-04
6.591100e-04
7.358900e-04
8.200300e-04
7.106000e-04
6.931200e-04
6.496600e-04
6.621700e-04
6.747900e-04
6.890800e-04
6.429200e-04
6.765000e-04
6.377100e-04
6.650400e-04
7.201000e-04
6.874400e-04
6.741700e-04
6.707300e-04
7.589700e-04
6.475900e-04
6.913400e-04
6.374800e-04
7.188400e-04
7.125500e-04
6.351200e-04
6.049500e-04
6.660200e-04
7.876300e-04
7.071100e-04
7.796000e-04
6.233800e-04
7.798900e-04
6.295700e-04
7.085900e-04
6.271600e-04
6.612100e-04
7.363900e-04
6.848000e-04
6.917300e-04
6.520500e-04
6.944600e-04
6.407100e-04
6.876700e-04
6.235100e-04
8.354600e-04
8.171800e-04
8.237400e-04
7.588500e-04
6.454800e-04
7.760400e-04
6.146900e-04
8.125900e-04
7.961900e-04
7.564800e-04
7.442700e-04
7.068700e-04
6.939200e-04
7.047500e-04
7.551900e-04
7.925100e-04
7.266100e-04
6.893300e-04
7.443400e-04
7.539200e-04
7.640700e-04
6.732200e-04
6.196200e-04
6.995700e-04
7.380200e-04
7.880400e-04
7.111300e-04
7.122800e-04
7.128900e-04
6.695600e-04
8.321800e-04
6.863400e-04
7.209200e-04
6.692400e-04
7.371200e-04
7.668300e-04
8.077500e-04
7.161600e-04
8.240800e-04
6.277500e-04
7.504800e-04
7.034700e-04
6.418500e-04
7.822900e-04
7.397100e-04
7.465900e-04
7.422700e-04
6.789400e-04
6.685000e-04
6.211800e-04
7.495200e-04
6.785900e-04
5.952700e-04
6.952700e-04
6.497400e-04
6.627300e-04
6.226500e-04
7.452400e-04
6.743100e-04
8.060100e-04
5.728700e-04
6.720700e-04
7.144400e-04
6.993600e-04
6.600200e-04
6.433800e-04
6.332400e-04
6.686300e-04
6.654800e-04
6.630600e-04
7.049200e-04
8.485300e-04
6.278700e-04
7.754600e-04
7.097100e-04
6.899100e-04
5.874700e-04
7.510200e-04
6.847200e-04
7.259700e-04
6.630300e-04
7.839100e-04
6.356700e-04
7.442400e-04
5.828300e-04
7.515400e-04
6.451500e-04
7.053400e-04
6.787400e-04
7.159500e-04
6.855000e-04
8.057400e-04
7.247800e-04
7.254900e-04
7.095700e-04
6.861700e-04
7.128300e-04
6.631700e-04
6.717200e-04
7.234300e-04
5.953700e-04
7.452400e-04
6.139900e-04
6.070500e-04
6.352800e-04
7.644800e-04
7.497100e-04
7.037000e-04
6.818600e-04
6.470800e-04
8.511300e-04
7.738000e-04
7.781400e-04
7.005500e-04
7.051300e-04
7.214200e-04
8.022500e-04
7.563300e-04
7.017800e-04
6.909600e-04
7.002100e-04
6.720300e-04
6.733700e-04
6.986200e-04
7.037300e-04
6.449300e-04
6.963400e-04
6.743200e-04
6.102900e-04
6.030300e-04
6.284300e-04
6.266400e-04
6.238600e-04
5.862700e-04
6.316700e-04
7.615500e-04
6.428700e-04
7.031000e-04
7.405000e-04
6.847300e-04
6.413300e-04
5.402300e-04
6.288200e-04
6.601200e-04
8.238800e-04
7.492100e-04
8.068700e-04
7.313900e-04
6.678100e-04
7.010000e-04
5.950000e-04
6.550000e-04
6.392600e-04
6.304900e-04
5.785100e-04
6.409900e-04
6.804300e-04
7.124200e-04
7.433100e-04
8.575000e-04
6.256800e-04
7.122700e-04
7.558400e-04
6.350100e-04
7.299800e-04
7.101000e-04
7.205000e-04
5.934100e-04
6.930500e-04
8.077200e-04
7.422500e-04
7.183900e-04
6.086900e-04
8.117200e-04
6.742100e-04
6.855900e-04
6.923200e-04
5.606000e-04
7.014500e-04
7.285000e-04
7.365700e-04
7.394400e-04
7.404500e-04
7.363100e-04
8.525100e-04
6.330500e-04
6.737800e-04
6.412800e-04
6.471300e-04
7.064100e-04
6.239800e-04
7.432400e-04
8.069100e-04
7.654800e-04
7.722600e-04
8.689800e-04
6.418900e-04
6.039200e-04
7.163500e-04
7.560700e-04
6.104300e-04
6.951700e-04
6.319400e-04
6.699900e-04
7.748600e-04
7.844500e-04
6.541400e-04
7.431600e-04
6.029100e-04
7.017100e-04
8.021400e-04
6.581100e-04
6.693600e-04
7.044400e-04
5.462000e-04
8.096200e-04
6.656600e-04
7.494300e-04
7.272400e-04
5.708500e-04
6.874200e-04
7.501900e-04
7.020900e-04
7.763600e-04
6.348300e-04
7.392500e-04
8.043700e-04
7.260300e-04
6.445300e-04
8.356000e-04
6.606200e-04
7.022000e-04
6.115700e-04
7.249800e-04
7.556300e-04
6.633300e-04
6.097200e-04
6.944800e-04
5.473500e-04
6.513500e-04
6.316900e-04
6.616500e-04
7.292800e-04
7.337100e-04
8.146300e-04
6.636500e-04
7.824200e-04
7.768500e-04
6.791100e-04
6.754400e-04
7.473400e-04
5.916600e-04
7.575000e-04
7.536500e-04
7.362500e-04
6.216700e-04
6.401500e-04
6.549800e-04
5.876800e-04
7.231600e-04
7.044100e-04
7.290600e-04
6.095800e-04
7.780800e-04
7.862600e-04
7.613900e-04
7.369700e-04
7.674200e-04
7.170800e-04
6.352300e-04
7.425700e-04
6.305100e-04
7.501100e-04
7.347300e-04
6.756700e-04
8.186900e-04
6.929200e-04
7.481800e-04
6.655200e-04
6.565600e-04
6.712200e-04
6.097900e-04
7.470300e-04
8.309300e-04
7.318500e-04
6.606300e-04
7.461700e-04
6.312500e-04
7.199900e-04
5.795800e-04
6.768500e-04
7.531700e-04
7.398900e-04
5.640700e-04
8.172800e-04
7.281500e-04
7.981300e-04
7.123600e-04
7.040300e-04
5.866500e-04
6.938400e-04
7.696500e-04
7.290800e-04
7.628500e-04
7.691500e-04
6.965500e-04
6.219400e-04
6.372800e-04
6.461700e-04
6.527500e-04
7.024300e-04
6.972100e-04
7.241700e-04
7.548000e-04
7.641000e-04
5.696200e-04
8.095600e-04
7.176800e-04
7.429800e-04
6.728300e-04
6.272400e-04
7.388600e-04
6.426300e-04
6.048000e-04
6.734900e-04
6.765700e-04
6.585600e-04
8.157100e-04
6.520600e-04
6.940800e-04
6.766100e-04
8.195200e-04
7.173800e-04
8.166400e-04
7.652200e-04
6.187800e-04
6.675100e-04
7.533100e-04
7.179200e-04
6.851000e-04
6.969400e-04
7.851600e-04
7.278100e-04
7.635500e-04
7.776900e-04
6.832600e-04
8.508300e-04
5.911100e-04
7.276200e-04
5.975500e-04
6.496700e-04
7.540800e-04
7.725500e-04
7.173000e-04
6.464700e-04
7.794100e-04
7.138300e-04
7.725400e-04
7.847300e-04
6.141100e-04
6.396900e-04
7.921000e-04
8.179500e-04
6.960700e-04
6.744300e-04
8.614300e-04
6.922700e-04
7.066400e-04
7.892400e-04
6.644000e-04
6.339700e-04
5.966600e-04
7.704100e-04
6.032700e-04
7.694300e-04
8.027200e-04
7.575000e-04
7.561800e-04
7.016600e-04
7.556900e-04
5.536000e-04
7.273800e-04
7.050300e-04
7.675500e-04
6.660400e-04
6.351900e-04
6.286400e-04
5.463300e-04
6.704400e-04
6.346300e-04
6.777300e-04
8.251200e-04
6.340000e-04
7.272200e-04
6.846100e-04
7.991000e-04
8.107300e-04
7.009500e-04
7.648800e-04
6.743700e-04
8.488800e-04
7.743700e-04
7.404000e-04
6.596700e-04
7.527300e-04
6.609000e-04
6.636200e-04
6.281700e-04
7.338400e-04
7.109000e-04
6.114700e-04
7.622300e-04
7.086600e-04
7.207600e-04
7.157400e-04
7.542100e-04
7.006400e-04
7.248700e-04
7.654700e-04
6.784800e-04
7.621300e-04
7.299600e-04
6.523800e-04
7.562300e-04
7.583000e-04
7.211900e-04
6.016200e-04
8.143000e-04
6.612400e-04
6.597400e-04
7.416000e-04
7.313900e-04
7.098100e-04
7.311300e-04
5.957500e-04
7.758200e-04
7.004200e-04
6.225500e-04
7.747500e-04
5.941200e-04
5.906500e-04
6.540600e-04
6.428400e-04
8.402000e-04
7.669700e-04
6.438700e-04
6.649200e-04
6.529800e-04
7.372300e-04
7.116600e-04
6.086400e-04
6.244200e-04
7.866400e-04
7.989700e-04
6.626700e-04
7.643900e-04
6.853500e-04
8.080300e-04
8.113600e-04
8.147300e-04
8.496800e-04
7.278300e-04
6.998100e-04
6.286900e-04
6.134700e-04
5.865900e-04
8.482000e-04
6.301800e-04
7.856500e-04
8.096900e-04
8.038200e-04
7.084100e-04
7.343000e-04
6.379400e-04
7.465500e-04
7.230800e-04
7.149500e-04
7.180100e-04
7.196100e-04
8.015400e-04
5.804900e-04
6.446400e-04
6.737300e-04
7.296900e-04
6.829600e-04
7.453600e-04
6.308500e-04
6.339400e-04
6.344200e-04
6.747800e-04
7.916900e-04
7.835000e-04
7.491700e-04
7.713200e-04
7.734200e-04
7.386800e-04
6.150600e-04
6.811700e-04
7.449200e-04
6.424500e-04
7.520600e-04
5.554900e-04
6.901800e-04
7.421700e-04
6.995000e-04
8.101400e-04
7.479200e-04
8.172700e-04
7.663800e-04
7.886400e-04
7.619200e-04
7.664000e-04
7.955100e-04
6.676500e-04
7.912000e-04
7.414600e-04
7.715600e-04
8.146500e-04
7.728700e-04
7.411500e-04
6.762900e-04
6.809900e-04
6.912200e-04
6.684400e-04
6.431700e-04
7.373200e-04
6.727500e-04
7.220200e-04
6.802600e-04
7.373900e-04
7.696200e-04
6.082400e-04
8.015400e-04
7.576900e-04
5.963200e-04
7.222400e-04
5.864400e-04
6.376400e-04
6.788900e-04
7.245200e-04
6.974100e-04
6.844100e-04
6.502800e-04
7.425900e-04
6.943800e-04
6.972500e-04
8.383800e-04
6.347700e-04
5.870200e-04
6.625300e-04
5.113300e-04
7.098300e-04
7.320300e-04
7.621900e-04
5.969300e-04
8.101300e-04
7.201800e-04
6.625800e-04
6.201900e-04
7.806800e-04
6.829700e-04
7.003800e-04
7.272400e-04
8.137400e-04
6.032200e-04
8.269800e-04
6.403500e-04
6.136200e-04
6.207600e-04
7.850300e-04
6.728400e-04
7.459900e-04
7.492000e-04
5.607400e-04
6.609800e-04
7.473300e-04
6.443500e-04
7.159700e-04
7.112100e-04
6.876600e-04
6.998300e-04
7.082400e-04
6.494200e-04
8.051800e-04
6.219300e-04
6.485800e-04
5.420100e-04
7.712900e-04
7.293400e-04
7.391100e-04
8.284600e-04
6.753700e-04
5.908900e-04
7.780200e-04
7.700800e-04
7.336200e-04
7.219900e-04
6.308300e-04
7.107100e-04
5.610600e-04
6.086100e-04
7.031600e-04
7.658000e-04
8.184500e-04
6.880800e-04
7.757300e-04
7.056900e-04
6.727400e-04
6.434700e-04
6.539200e-04
6.682300e-04
7.765800e-04
6.842800e-04
6.713500e-04
8.175100e-04
7.297000e-04
7.713600e-04
5.913400e-04
7.152600e-04
6.498900e-04
7.740600e-04
5.985200e-04
6.992800e-04
6.952400e-04
7.798300e-04
6.805400e-04
7.047700e-04
7.085000e-04
6.887200e-04
7.109500e-04
6.476800e-04
6.347200e-04
6.215900e-04
7.137500e-04
6.702100e-04
7.976600e-04
6.711800e-04
6.565500e-04
7.565000e-04
7.707900e-04
7.231500e-04
7.043000e-04
6.994600e-04
7.394500e-04
7.004800e-04
6.673000e-04
6.548000e-04
7.430400e-04
6.532500e-04
7.860900e-04
7.549800e-04
6.054000e-04
7.441700e-04
7.161200e-04
6.624300e-04
7.489000e-04
6.858500e-04
6.038300e-04
7.392900e-04
7.577400e-04
7.072000e-04
7.928000e-04
8.089600e-04
7.403700e-04
7.156900e-04
6.688300e-04
7.867700e-04
6.366700e-04
8.321300e-04
7.093600e-04
6.130100e-04
7.858700e-04
8.005700e-04
6.833900e-04
7.162200e-04
6.617000e-04
6.816400e-04
6.735500e-04
7.057900e-04
7.176500e-04
6.283000e-04
6.914900e-04
6.795300e-04
7.170900e-04
7.989400e-04
6.364200e-04
7.179600e-04
6.909500e-04
7.429700e-04
7.689900e-04
6.959600e-04
6.546200e-04
7.782000e-04
7.136300e-04
7.439900e-04
6.594900e-04
6.147400e-04
6.261200e-04
8.544900e-04
7.872000e-04
5.537400e-04
6.059500e-04
8.101100e-04
6.744900e-04
7.579400e-04
7.988500e-04
8.197100e-04
6.867000e-04
5.951200e-04
7.724300e-04
6.804200e-04
6.948000e-04
6.072700e-04
7.615800e-04
7.192900e-04
6.200800e-04
8.433500e-04
7.703400e-04
7.596000e-04
7.169100e-04
7.273800e-04
6.370500e-04
6.733400e-04
6.779800e-04
8.173100e-04
8.303200e-04
7.467500e-04
6.198100e-04
6.355500e-04
6.681500e-04
7.229400e-04
7.706800e-04
7.765000e-04
6.632000e-04
6.557100e-04
6.553600e-04
6.759900e-04
6.725900e-04
6.509500e-04
6.001900e-04
5.855200e-04
7.792900e-04
7.048600e-04
7.084900e-04
8.484100e-04
7.306800e-04
7.098600e-04
7.160500e-04
6.839200e-04
7.669500e-04
7.348200e-04
7.713200e-04
7.322700e-04
6.956700e-04
8.453900e-04
5.720800e-04
5.892000e-04
7.376900e-04
6.045400e-04
6.874300e-04
7.422400e-04
6.928000e-04
6.603600e-04
7.820600e-04
6.261400e-04
6.981500e-04
6.780200e-04
6.701200e-04
5.697500e-04
6.643500e-04
7.059700e-04
7.731200e-04
7.561000e-04
7.231300e-04
6.925600e-04
6.348800e-04
6.603600e-04
8.096800e-04
8.198800e-04
6.959900e-04
6.373100e-04
6.453700e-04
6.633700e-04
7.925900e-04
7.849800e-04
8.181100e-04
6.301500e-04
5.424700e-04
8.071400e-04
7.054500e-04
7.888100e-04
7.043600e-04
7.070900e-04
7.545700e-04
5.923400e-04
6.691900e-04
8.115500e-04
5.958200e-04
6.963900e-04
6.821500e-04
6.929900e-04
6.607000e-04
6.815100e-04
7.052600e-04
8.297000e-04
6.752000e-04
7.492700e-04
7.048500e-04
7.555900e-04
7.519200e-04
7.711800e-04
6.953400e-04
5.939100e-04
7.199300e-04
7.422800e-04
6.998600e-04
6.799400e-04
6.567400e-04
7.749000e-04
8.539400e-04
5.645200e-04
5.849200e-04
7.140100e-04
6.037400e-04
5.944600e-04
7.103400e-04
5.887900e-04
6.317700e-04
8.313400e-04
7.514100e-04
7.462300e-04
7.515900e-04
6.410200e-04
6.618800e-04
6.545400e-04
8.133900e-04
7.948700e-04
6.760700e-04
6.411500e-04
7.560800e-04
7.117000e-04
6.564400e-04
6.346700e-04
7.785800e-04
6.891400e-04
7.082900e-04
7.875100e-04
7.793300e-04
8.070300e-04
6.837800e-04
7.022800e-04
6.223900e-04
8.391700e-04
8.450300e-04
7.240800e-04
7.771900e-04
6.818300e-04
6.858500e-04
7.145600e-04
7.538500e-04
7.969600e-04
8.155800e-04
6.884200e-04
6.294500e-04
7.675000e-04
7.272800e-04
6.452100e-04
5.638900e-04
6.742600e-04
6.513100e-04
6.865500e-04
7.040400e-04
7.396000e-04
6.924400e-04
6.706400e-04
7.358700e-04
6.911800e-04
8.111800e-04
7.267600e-04
7.101000e-04
7.237600e-04
7.349900e-04
7.403500e-04
6.410600e-04
8.056900e-04
6.495600e-04
7.186600e-04
6.862900e-04
6.603300e-04
7.730900e-04
7.611100e-04
6.398100e-04
7.412800e-04
5.812400e-04
6.341500e-04
7.633800e-04
6.100600e-04
5.159400e-04
7.582900e-04
7.085200e-04
7.424000e-04
7.904000e-04
7.220100e-04
6.409400e-04
7.837600e-04
7.389900e-04
7.254100e-04
8.540400e-04
7.375500e-04
5.411400e-04
6.389800e-04
6.719700e-04
6.375200e-04
6.025700e-04
6.275800e-04
6.651900e-04
7.106600e-04
7.224400e-04
8.560400e-04
8.404300e-04
6.053600e-04
7.451300e-04
7.354900e-04
6.928700e-04
7.355400e-04
6.034200e-04
7.762000e-04
7.577700e-04
7.113200e-04
7.523600e-04
8.052600e-04
6.855800e-04
7.504200e-04
5.859500e-04
6.921500e-04
6.973000e-04
7.622900e-04
6.848900e-04
7.014900e-04
8.019800e-04
6.998600e-04
6.131100e-04
7.390000e-04
7.491400e-04
7.142600e-04
6.428400e-04
6.544800e-04
7.015800e-04
7.288600e-04
6.822500e-04
6.700800e-04
7.900700e-04
6.847400e-04
7.918700e-04
7.007100e-04
7.933800e-04
6.618200e-04
7.455600e-04
7.226900e-04
6.255700e-04
6.562400e-04
7.293900e-04
7.337200e-04
5.992800e-04
6.964200e-04
5.847600e-04
6.571000e-04
6.883900e-04
7.210700e-04
6.414600e-04
7.329500e-04
6.441600e-04
7.483100e-04
6.259600e-04
7.153700e-04
6.836000e-04
7.051400e-04
7.562200e-04
6.714400e-04
6.257900e-04
5.445900e-04
6.325300e-04
6.960400e-04
7.002900e-04
8.077000e-04
7.343300e-04
7.368900e-04
7.247400e-04
7.690600e-04
6.995200e-04
7.931800e-04
6.224200e-04
6.786600e-04
6.746100e-04
6.894200e-04
7.797900e-04
7.186600e-04
7.259300e-04
7.036300e-04
6.510900e-04
6.993900e-04
7.311800e-04
6.112200e-04
8.509800e-04
7.271600e-04
7.799700e-04
7.783400e-04
6.885700e-04
6.890800e-04
6.379900e-04
8.392600e-04
7.638800e-04
7.792400e-04
7.401300e-04
6.505200e-04
7.308400e-04
7.449500e-04
7.192600e-04
7.288700e-04
6.918100e-04
6.243100e-04
7.797000e-04
6.046800e-04
7.339200e-04
6.647900e-04
7.302900e-04
6.312500e-04
7.116500e-04
7.344600e-04
5.664700e-04
7.900300e-04
6.582200e-04
6.514600e-04
7.210900e-04
7.015600e-04
6.815500e-04
6.857300e-04
5.995500e-04
6.336800e-04
6.731300e-04
7.751400e-04
5.648900e-04
6.582000e-04
6.129300e-04
7.983100e-04
7.993300e-04
6.893800e-04
6.742300e-04
6.539000e-04
6.273900e-04
6.854800e-04
7.194100e-04
6.651200e-04
6.778600e-04
6.783900e-04
6.271800e-04
6.885200e-04
6.635600e-04
7.222200e-04
7.569600e-04
8.524800e-04
